shape_id,shape_pt_lat,shape_pt_lon,shape_pt_sequence,shape_dist_traveled
Ruta01,15.7502233,-96.1377646,1,0
Ruta01,15.7502866,-96.1376761,2,11.8
Ruta01,15.7503795,-96.1375339,3,30.2
Ruta01,15.7505918,-96.1372228,4,71
Ruta01,15.750808,-96.1369257,5,110.9
Ruta01,15.7509874,-96.1367105,6,141.3
Ruta01,15.751192,-96.1365757,7,168.3
Ruta01,15.7512779,-96.1365411,8,178.5
Ruta01,15.7515599,-96.1365369,9,209.9
Ruta01,15.7519859,-96.136455,10,258.1
Ruta01,15.7523711,-96.136394,11,301.4
Ruta01,15.7524579,-96.136374,12,311.3
Ruta01,15.752544,-96.1363559,13,321
Ruta01,15.7526148,-96.1363373,14,329.2
Ruta01,15.7526847,-96.1363155,15,337.3
Ruta01,15.752819,-96.136227,16,355
Ruta01,15.7528732,-96.1361774,17,363
Ruta01,15.7529133,-96.1361251,18,370.1
Ruta01,15.7529442,-96.1360976,19,374.7
Ruta01,15.7529887,-96.1360165,20,384.7
Ruta01,15.7531879,-96.1356776,21,427.2
Ruta01,15.7532069,-96.1356523,22,430.6
Ruta01,15.7532351,-96.1356153,23,435.6
Ruta01,15.7539078,-96.134678,24,560.8
Ruta01,15.7541497,-96.1343381,25,606
Ruta01,15.7548338,-96.1333685,26,734.7
Ruta01,15.7552753,-96.132735,27,818.4
Ruta01,15.7556082,-96.1323425,28,874.4
Ruta01,15.7557451,-96.1322379,29,893.3
Ruta01,15.7560368,-96.1319898,30,935.2
Ruta01,15.7562968,-96.1317897,31,971.1
Ruta01,15.7563266,-96.1317335,32,978
Ruta01,15.7563535,-96.1316984,33,982.8
Ruta01,15.7563839,-96.1316666,34,987.6
Ruta01,15.7564175,-96.1316384,35,992.4
Ruta01,15.7564662,-96.1316076,36,998.8
Ruta01,15.7565186,-96.1315844,37,1005.1
Ruta01,15.756544,-96.1315784,38,1008
Ruta01,15.7565698,-96.1315747,39,1010.9
Ruta01,15.7565918,-96.1315707,40,1013.4
Ruta01,15.7575327,-96.1307573,41,1149.5
Ruta01,15.7578889,-96.130528,42,1196.1
Ruta01,15.7581587,-96.1302987,43,1234.8
Ruta01,15.7586905,-96.1295128,44,1337.6
Ruta01,15.7590131,-96.1290434,45,1399.4
Ruta01,15.7591913,-96.1287765,46,1434.1
Ruta01,15.759421,-96.12846,47,1476.5
Ruta01,15.7597579,-96.1280993,48,1530.3
Ruta01,15.7600354,-96.1277922,49,1575.4
Ruta01,15.7603182,-96.127483,50,1621.1
Ruta01,15.7604554,-96.1273509,51,1641.9
Ruta01,15.7604512,-96.1272977,52,1647.6
Ruta01,15.7604523,-96.1272645,53,1651.1
Ruta01,15.7604603,-96.1272259,54,1655.3
Ruta01,15.7604761,-96.1271773,55,1660.8
Ruta01,15.7605,-96.1271397,56,1665.7
Ruta01,15.7605471,-96.1270694,57,1674.8
Ruta01,15.7606446,-96.1269755,58,1689.6
Ruta01,15.7606839,-96.1269613,59,1694.2
Ruta01,15.7607795,-96.1269412,60,1705.1
Ruta01,15.7609279,-96.1269526,61,1721.6
Ruta01,15.7609943,-96.126966,62,1729.1
Ruta01,15.7610518,-96.1270018,63,1736.6
Ruta01,15.7610976,-96.127072,64,1745.7
Ruta01,15.7611219,-96.1271197,65,1751.5
Ruta01,15.7611336,-96.1271828,66,1758.3
Ruta01,15.761126,-96.1272376,67,1764.3
Ruta01,15.7611094,-96.1273383,68,1775.2
Ruta01,15.7610989,-96.1274019,69,1782.1
Ruta01,15.7610887,-96.1274572,70,1788.1
Ruta01,15.7610857,-96.1275134,71,1794.1
Ruta01,15.7610898,-96.1275695,72,1800.2
Ruta01,15.7610991,-96.1276171,73,1805.4
Ruta01,15.7611135,-96.1276634,74,1810.6
Ruta01,15.7611329,-96.1277076,75,1815.8
Ruta01,15.761157,-96.1277492,76,1821
Ruta01,15.761508,-96.1284306,77,1903.7
Ruta01,15.761592,-96.1285824,78,1922.4
Ruta01,15.7618822,-96.1291069,79,1987.2
Ruta01,15.7620663,-96.1293938,80,2024.1
Ruta01,15.7621351,-96.1294996,81,2037.7
Ruta01,15.762481,-96.1300376,82,2107
Ruta01,15.7627209,-96.130434,83,2157.1
Ruta01,15.762831,-96.1306165,84,2180.1
Ruta01,15.7629265,-96.1308002,85,2202.5
Ruta01,15.7632779,-96.1314347,86,2280.8
Ruta01,15.7637968,-96.1323539,87,2394.8
Ruta01,15.763879,-96.1325102,88,2413.9
Ruta01,15.7639435,-96.1326315,89,2428.7
Ruta01,15.7639734,-96.1326958,90,2436.4
Ruta01,15.7643707,-96.1334764,91,2530.9
Ruta01,15.7644727,-96.1336608,92,2553.6
Ruta01,15.764738,-96.1341371,93,2612.5
Ruta01,15.7649373,-96.134495,94,2656.8
Ruta01,15.7651232,-96.1347726,95,2693
Ruta01,15.7653273,-96.1349919,96,2725.6
Ruta01,15.7655191,-96.1351614,97,2753.6
Ruta01,15.7657502,-96.1353409,98,2785.7
Ruta01,15.765997,-96.1355451,99,2820.8
Ruta01,15.7658939,-96.1358401,100,2854.4
Ruta01,15.7656831,-96.1363265,101,2911.4
Ruta01,15.7656136,-96.136504,102,2931.9
Ruta01,15.7653923,-96.1373636,103,3027.2
Ruta01,15.7651512,-96.138227,104,3123.4
Ruta01,15.7655851,-96.1383471,105,3173.3
Ruta01,15.7660113,-96.1384474,106,3221.9
Ruta01,15.7664148,-96.1385833,107,3269.1
Ruta01,15.7668096,-96.1387042,108,3314.8
Ruta01,15.7672241,-96.1387988,109,3362
Ruta01,15.7676451,-96.1389092,110,3410.3
Ruta01,15.7680517,-96.1390333,111,3457.4
Ruta01,15.7684704,-96.1391421,112,3505.4
Ruta01,15.7688896,-96.139278,113,3554.2
Ruta01,15.7686996,-96.1400767,114,3642.3
Ruta01,15.7684866,-96.140876,115,3731
Ruta01,15.7682633,-96.1417584,116,3828.7
Ruta01,15.7681252,-96.1422493,117,3883.4
Ruta01,15.7680279,-96.1426058,118,3923
Ruta01,15.7679747,-96.1428101,119,3945.7
Ruta01,15.7679478,-96.1429614,120,3962.2
Ruta01,15.7679045,-96.1432122,121,3989.4
Ruta01,15.7678355,-96.1433852,122,4009.5
Ruta01,15.7677535,-96.1435059,123,4025.3
Ruta01,15.7676348,-96.1435783,124,4040.6
Ruta01,15.7674102,-96.1437003,125,4068.8
Ruta01,15.7670411,-96.1439042,126,4115.2
Ruta01,15.7667791,-96.1440477,127,4148.2
Ruta01,15.766592,-96.1441657,128,4172.5
Ruta01,15.7664087,-96.1443226,129,4198.9
Ruta01,15.7662641,-96.1445087,130,4224.5
Ruta01,15.7662112,-96.1445955,131,4235.5
Ruta01,15.7661028,-96.1448621,132,4266.5
Ruta01,15.766001,-96.1452938,133,4314
Ruta01,15.7659621,-96.1454813,134,4334.6
Ruta01,15.7658808,-96.1458528,135,4375.3
Ruta01,15.7663287,-96.1459534,136,4426.3
Ruta01,15.7667503,-96.1460709,137,4474.8
Ruta01,15.766912,-96.146109,138,4493.3
Ruta01,15.7672063,-96.1463128,139,4532.6
Ruta01,15.7671586,-96.146404,140,4543.7
Ruta01,15.7670424,-96.1467205,141,4580
Ruta01,15.7669159,-96.147261,142,4639.5
Ruta01,15.7668991,-96.1473468,143,4648.8
Ruta01,15.7668282,-96.1475934,144,4676.4
Ruta01,15.7666487,-96.1483251,145,4757.2
Ruta01,15.7665539,-96.1487122,146,4799.9
Ruta01,15.7663805,-96.1493978,147,4875.8
Ruta01,15.7663513,-96.1494745,1,0
Ruta01,15.7661467,-96.1493564,2,26
Ruta01,15.7659899,-96.149278,3,45.4
Ruta01,15.7659211,-96.1492293,4,54.6
Ruta01,15.7656995,-96.1490721,5,84.5
Ruta01,15.7656104,-96.1490279,6,95.4
Ruta01,15.7651695,-96.1488799,7,147
Ruta01,15.7650877,-96.1488559,8,156.4
Ruta01,15.7652788,-96.1479942,9,251
Ruta01,15.7650161,-96.1479557,10,280.5
Ruta01,15.7648806,-96.1478953,11,296.9
Ruta01,15.7648638,-96.1478081,12,306.5
Ruta01,15.7648831,-96.1477223,13,315.9
Ruta01,15.7649244,-96.1475506,14,334.8
Ruta01,15.765092,-96.1468708,15,409.9
Ruta01,15.7651122,-96.1467876,16,419.1
Ruta01,15.7652123,-96.1462846,17,474.1
Ruta01,15.7653323,-96.1457093,18,537.1
Ruta01,15.7657999,-96.1458297,19,590.6
Ruta01,15.7658808,-96.1455041,20,626.6
Ruta01,15.7659621,-96.1451286,21,667.8
Ruta01,15.7660486,-96.1448121,22,703
Ruta01,15.7661596,-96.144564,23,732.3
Ruta01,15.766268,-96.144395,24,754
Ruta01,15.7663809,-96.1442596,25,773.2
Ruta01,15.7665771,-96.1441121,26,800.1
Ruta01,15.766721,-96.1440329,27,818.2
Ruta01,15.7669921,-96.1438586,28,853.7
Ruta01,15.7671598,-96.1437392,29,876.3
Ruta01,15.7673676,-96.1436132,30,903
Ruta01,15.7676096,-96.1434811,31,933.4
Ruta01,15.7677484,-96.1433664,32,953.2
Ruta01,15.7678632,-96.1431344,33,981.1
Ruta01,15.767919,-96.1428995,34,1007
Ruta01,15.7679747,-96.1428101,35,1018.4
Ruta01,15.7680279,-96.1426058,36,1041
Ruta01,15.7681252,-96.1422493,37,1080.7
Ruta01,15.7682633,-96.1417584,38,1135.4
Ruta01,15.7684866,-96.140876,39,1233
Ruta01,15.7690265,-96.1410227,40,1295.1
Ruta01,15.76927,-96.1410999,41,1323.4
Ruta01,15.7695605,-96.1411619,42,1356.4
Ruta01,15.7696845,-96.1411895,43,1370.5
Ruta01,15.7695818,-96.140998,44,1393.9
Ruta01,15.7694046,-96.1405902,45,1441.8
Ruta01,15.7692723,-96.1401596,46,1490.2
Ruta01,15.7690585,-96.1393718,47,1577.8
Ruta01,15.7689982,-96.1391603,48,1601.4
Ruta01,15.7688649,-96.1386767,49,1655.2
Ruta01,15.7687985,-96.1384293,50,1682.7
Ruta01,15.7686854,-96.1383265,51,1699.4
Ruta01,15.7685228,-96.138234,52,1720
Ruta01,15.7682814,-96.1381562,53,1748.1
Ruta01,15.7678524,-96.1380284,54,1797.7
Ruta01,15.7674466,-96.1379114,55,1844.6
Ruta01,15.7670538,-96.1378053,56,1889.7
Ruta01,15.7666451,-96.1377001,57,1936.5
Ruta01,15.7663242,-96.1376163,58,1973.3
Ruta01,15.7662414,-96.1375944,59,1982.8
Ruta01,15.7658098,-96.1374763,60,2032.4
Ruta01,15.7653923,-96.1373636,61,2080.4
Ruta01,15.7653187,-96.1373415,62,2088.9
Ruta01,15.7655462,-96.1364381,63,2188.8
Ruta01,15.7655904,-96.1361285,64,2222.3
Ruta01,15.7656478,-96.1356192,65,2277.2
Ruta01,15.7653839,-96.1353707,66,2316.8
Ruta01,15.7649542,-96.1349637,67,2381.5
Ruta01,15.7649316,-96.1349295,68,2385.9
Ruta01,15.7644681,-96.1342967,69,2471
Ruta01,15.7643692,-96.134111,70,2493.7
Ruta01,15.7643152,-96.1340182,71,2505.3
Ruta01,15.7642644,-96.133931,72,2516.2
Ruta01,15.7641434,-96.1337024,73,2544.1
Ruta01,15.7637174,-96.1328502,74,2646.9
Ruta01,15.7636766,-96.1327707,75,2656.6
Ruta01,15.763617,-96.1326547,76,2670.6
Ruta01,15.7635396,-96.1325039,77,2688.9
Ruta01,15.7630199,-96.1315225,78,2808.8
Ruta01,15.7624947,-96.1305274,79,2930.2
Ruta01,15.7618678,-96.1295702,80,3054.1
Ruta01,15.7613821,-96.1286971,81,3162.1
Ruta01,15.7612969,-96.1285439,82,3181
Ruta01,15.7609376,-96.1278605,83,3264.3
Ruta01,15.7609109,-96.1278131,84,3270.2
Ruta01,15.7608798,-96.1277686,85,3276.1
Ruta01,15.7608447,-96.1277275,86,3282
Ruta01,15.7608059,-96.1276902,87,3287.8
Ruta01,15.7607509,-96.1276483,88,3295.4
Ruta01,15.7607074,-96.1276133,89,3301.5
Ruta01,15.7606512,-96.1275764,90,3308.9
Ruta01,15.7606065,-96.1275447,91,3315
Ruta01,15.760466,-96.1276111,92,3332.1
Ruta01,15.7602773,-96.1277372,93,3357.1
Ruta01,15.7598472,-96.1281536,94,3422.4
Ruta01,15.7595656,-96.1284386,95,3466.1
Ruta01,15.759126,-96.1290495,96,3547.8
Ruta01,15.7589473,-96.1293016,97,3581.3
Ruta01,15.7585039,-96.1299668,98,3667.9
Ruta01,15.7582329,-96.130306,99,3715.1
Ruta01,15.7581791,-96.1303709,100,3724.2
Ruta01,15.7574527,-96.1309478,101,3825.9
Ruta01,15.7571433,-96.1312068,102,3870.1
Ruta01,15.756888,-96.1314205,103,3906.5
Ruta01,15.7566643,-96.1316347,104,3940.3
Ruta01,15.7566482,-96.1316801,105,3945.5
Ruta01,15.7566291,-96.1317182,106,3950.1
Ruta01,15.756606,-96.1317538,107,3954.7
Ruta01,15.7565741,-96.1317917,108,3960.1
Ruta01,15.7565376,-96.1318249,109,3965.5
Ruta01,15.7565156,-96.131845,110,3968.8
Ruta01,15.7564974,-96.1318518,111,3970.9
Ruta01,15.7564566,-96.1318734,112,3976
Ruta01,15.7564128,-96.1318868,113,3981.1
Ruta01,15.7563674,-96.1318917,114,3986.2
Ruta01,15.7563224,-96.1319068,115,3991.4
Ruta01,15.7562749,-96.1319321,116,3997.3
Ruta01,15.7562013,-96.1319851,117,4007.3
Ruta01,15.7561851,-96.1319973,118,4009.5
Ruta01,15.7558741,-96.1322325,119,4052.3
Ruta01,15.7557823,-96.1323078,120,4065.3
Ruta01,15.7556532,-96.1324137,121,4083.6
Ruta01,15.7553443,-96.1327891,122,4136.4
Ruta01,15.7549055,-96.1334247,123,4220.2
Ruta01,15.7542182,-96.1344018,124,4349.7
Ruta01,15.753982,-96.134733,125,4393.8
Ruta01,15.7539005,-96.1348456,126,4408.9
Ruta01,15.7533043,-96.1356698,127,4519.2
Ruta01,15.7532766,-96.1357107,128,4524.6
Ruta01,15.7532649,-96.1357281,129,4526.8
Ruta01,15.753192,-96.1358703,130,4544.1
Ruta01,15.7531159,-96.1360493,131,4565
Ruta01,15.7530913,-96.1361164,132,4572.7
Ruta01,15.7530565,-96.1362049,133,4582.9
Ruta01,15.7530281,-96.1362619,134,4589.8
Ruta01,15.7529623,-96.1363357,135,4600.6
Ruta01,15.7528628,-96.1364242,136,4615.1
Ruta01,15.7528138,-96.1364511,137,4621.3
Ruta01,15.7527686,-96.1364564,138,4626.4
Ruta01,15.7526693,-96.1364798,139,4637.7
Ruta01,15.752313,-96.1365381,140,4677.8
Ruta01,15.751647,-96.1366535,141,4752.9
Ruta01,15.7515147,-96.1366575,142,4767.6
Ruta01,15.7514411,-96.1367299,143,4778.8
Ruta01,15.7513695,-96.136803,144,4790
Ruta01,15.7512611,-96.1368634,145,4803.7
Ruta01,15.7511218,-96.1369137,146,4820.1
Ruta01,15.7509745,-96.1369613,147,4837.2
Ruta01,15.7508945,-96.1370263,148,4848.5
Ruta01,15.7507466,-96.1372105,149,4874.2
Ruta01,15.7506622,-96.1373462,150,4891.5
Ruta02,15.7505918,-96.1372228,1,0
Ruta02,15.750808,-96.1369257,2,39.9
Ruta02,15.7509874,-96.1367105,3,70.3
Ruta02,15.751192,-96.1365757,4,97.3
Ruta02,15.7512779,-96.1365411,5,107.5
Ruta02,15.7515599,-96.1365369,6,138.9
Ruta02,15.7519859,-96.136455,7,187
Ruta02,15.7523711,-96.136394,8,230.4
Ruta02,15.7524579,-96.136374,9,240.3
Ruta02,15.752544,-96.1363559,10,250
Ruta02,15.7526148,-96.1363373,11,258.1
Ruta02,15.7526847,-96.1363155,12,266.3
Ruta02,15.752819,-96.136227,13,283.9
Ruta02,15.7528732,-96.1361774,14,292
Ruta02,15.7529133,-96.1361251,15,299.1
Ruta02,15.7529442,-96.1360976,16,303.7
Ruta02,15.7529887,-96.1360165,17,313.6
Ruta02,15.7531879,-96.1356776,18,356.1
Ruta02,15.7532069,-96.1356523,19,359.6
Ruta02,15.7532351,-96.1356153,20,364.6
Ruta02,15.7539078,-96.134678,21,489.8
Ruta02,15.7541497,-96.1343381,22,535
Ruta02,15.7548338,-96.1333685,23,663.7
Ruta02,15.7552753,-96.132735,24,747.4
Ruta02,15.7556082,-96.1323425,25,803.4
Ruta02,15.7557451,-96.1322379,26,822.2
Ruta02,15.7560368,-96.1319898,27,864.2
Ruta02,15.7562968,-96.1317897,28,900.1
Ruta02,15.7563266,-96.1317335,29,907
Ruta02,15.7563535,-96.1316984,30,911.8
Ruta02,15.7563839,-96.1316666,31,916.6
Ruta02,15.7564175,-96.1316384,32,921.4
Ruta02,15.7564662,-96.1316076,33,927.7
Ruta02,15.7565186,-96.1315844,34,934.1
Ruta02,15.756544,-96.1315784,35,937
Ruta02,15.7565698,-96.1315747,36,939.9
Ruta02,15.7565918,-96.1315707,37,942.4
Ruta02,15.7575327,-96.1307573,38,1078.5
Ruta02,15.7578889,-96.130528,39,1125
Ruta02,15.7581587,-96.1302987,40,1163.8
Ruta02,15.7586905,-96.1295128,41,1266.6
Ruta02,15.7590131,-96.1290434,42,1328.3
Ruta02,15.7591913,-96.1287765,43,1363.1
Ruta02,15.759421,-96.12846,44,1405.5
Ruta02,15.7597579,-96.1280993,45,1459.3
Ruta02,15.7600354,-96.1277922,46,1504.4
Ruta02,15.7603182,-96.127483,47,1550
Ruta02,15.7604554,-96.1273509,48,1570.8
Ruta02,15.7604512,-96.1272977,49,1576.6
Ruta02,15.7604523,-96.1272645,50,1580.1
Ruta02,15.7604603,-96.1272259,51,1584.3
Ruta02,15.7604761,-96.1271773,52,1589.8
Ruta02,15.7605,-96.1271397,53,1594.7
Ruta02,15.7605471,-96.1270694,54,1603.8
Ruta02,15.7606446,-96.1269755,55,1618.6
Ruta02,15.7606839,-96.1269613,56,1623.2
Ruta02,15.7607795,-96.1269412,57,1634.1
Ruta02,15.7609279,-96.1269526,58,1650.6
Ruta02,15.7609943,-96.126966,59,1658.1
Ruta02,15.7610518,-96.1270018,60,1665.6
Ruta02,15.7610976,-96.127072,61,1674.7
Ruta02,15.7611219,-96.1271197,62,1680.4
Ruta02,15.7611336,-96.1271828,63,1687.3
Ruta02,15.761126,-96.1272376,64,1693.2
Ruta02,15.7611094,-96.1273383,65,1704.2
Ruta02,15.7610989,-96.1274019,66,1711.1
Ruta02,15.7610887,-96.1274572,67,1717.1
Ruta02,15.7610857,-96.1275134,68,1723.1
Ruta02,15.7610898,-96.1275695,69,1729.2
Ruta02,15.7610991,-96.1276171,70,1734.4
Ruta02,15.7611135,-96.1276634,71,1739.6
Ruta02,15.7611329,-96.1277076,72,1744.8
Ruta02,15.761157,-96.1277492,73,1750
Ruta02,15.761508,-96.1284306,74,1832.7
Ruta02,15.761592,-96.1285824,75,1851.4
Ruta02,15.7618822,-96.1291069,76,1916.1
Ruta02,15.7620663,-96.1293938,77,1953
Ruta02,15.7621351,-96.1294996,78,1966.7
Ruta02,15.762481,-96.1300376,79,2035.9
Ruta02,15.7627209,-96.130434,80,2086.1
Ruta02,15.762831,-96.1306165,81,2109.1
Ruta02,15.7629265,-96.1308002,82,2131.5
Ruta02,15.7632779,-96.1314347,83,2209.8
Ruta02,15.7637968,-96.1323539,84,2323.8
Ruta02,15.763879,-96.1325102,85,2342.9
Ruta02,15.7639435,-96.1326315,86,2357.7
Ruta02,15.7639734,-96.1326958,87,2365.4
Ruta02,15.7643707,-96.1334764,88,2459.9
Ruta02,15.7644727,-96.1336608,89,2482.6
Ruta02,15.764738,-96.1341371,90,2541.5
Ruta02,15.7649373,-96.134495,91,2585.8
Ruta02,15.7651232,-96.1347726,92,2622
Ruta02,15.7653273,-96.1349919,93,2654.6
Ruta02,15.7655191,-96.1351614,94,2682.6
Ruta02,15.7657502,-96.1353409,95,2714.7
Ruta02,15.765997,-96.1355451,96,2749.8
Ruta02,15.7658939,-96.1358401,97,2783.3
Ruta02,15.7656831,-96.1363265,98,2840.4
Ruta02,15.7656136,-96.136504,99,2860.9
Ruta02,15.7653923,-96.1373636,100,2956.2
Ruta02,15.7651512,-96.138227,101,3052.4
Ruta02,15.7655851,-96.1383471,102,3102.3
Ruta02,15.7660113,-96.1384474,103,3150.9
Ruta02,15.7664148,-96.1385833,104,3198.1
Ruta02,15.7668096,-96.1387042,105,3243.8
Ruta02,15.7672241,-96.1387988,106,3291
Ruta02,15.7676451,-96.1389092,107,3339.3
Ruta02,15.7680517,-96.1390333,108,3386.4
Ruta02,15.7684704,-96.1391421,109,3434.4
Ruta02,15.7688896,-96.139278,110,3483.2
Ruta02,15.7689096,-96.1392284,111,3489
Ruta02,15.7689469,-96.1391842,112,3495.3
Ruta02,15.7689982,-96.1391603,113,3501.5
Ruta02,15.7688649,-96.1386767,114,3555.4
Ruta02,15.7689113,-96.1385726,115,3567.6
Ruta02,15.7689944,-96.1385234,116,3578.3
Ruta02,15.7690751,-96.1385149,117,3587.3
Ruta02,15.7692171,-96.138584,118,3604.7
Ruta02,15.7692881,-96.138636,119,3614.4
Ruta02,15.7693926,-96.1386806,120,3626.9
Ruta02,15.769945,-96.1387852,121,3689.4
Ruta02,15.7708252,-96.1389086,122,3788.1
Ruta02,15.7710137,-96.1389354,123,3809.3
Ruta02,15.7723146,-96.1391312,124,3955.5
Ruta02,15.7729296,-96.1392345,125,4024.7
Ruta02,15.7730735,-96.1391902,126,4041.4
Ruta02,15.7731729,-96.1392148,127,4052.8
Ruta02,15.7735588,-96.1392412,128,4095.8
Ruta02,15.7743976,-96.1393324,129,4189.6
Ruta02,15.7747513,-96.1393753,130,4229.2
Ruta02,15.775314,-96.139445,131,4292.2
Ruta02,15.7755824,-96.139445,132,4322
Ruta02,15.7756354,-96.1394378,133,4328
Ruta02,15.7757395,-96.1394292,134,4339.6
Ruta02,15.7758263,-96.1394327,135,4349.2
Ruta02,15.7759593,-96.139445,136,4364.1
Ruta02,15.7761051,-96.1394624,137,4380.4
Ruta02,15.7765154,-96.1395904,138,4428
Ruta02,15.7769309,-96.139705,139,4475.8
Ruta02,15.7773464,-96.1398217,140,4523.7
Ruta02,15.7777462,-96.1399294,141,4569.6
Ruta02,15.7781644,-96.1400577,142,4618.1
Ruta02,15.7785904,-96.1401627,143,4666.8
Ruta02,15.7790095,-96.1402847,144,4715.2
Ruta02,15.7794296,-96.1403996,145,4763.5
Ruta02,15.7798173,-96.140527,146,4808.7
Ruta02,15.7802378,-96.1406388,147,4857
Ruta02,15.7806466,-96.1407604,148,4904.2
Ruta02,15.7808819,-96.1399269,149,4997.2
Ruta02,15.7813579,-96.140089,150,5052.9
Ruta02,15.7818597,-96.1402953,151,5112.9
Ruta02,15.7822869,-96.1405139,152,5165.8
Ruta02,15.7824805,-96.1406386,153,5191.2
Ruta02,15.7826805,-96.1407767,154,5217.9
Ruta02,15.7829232,-96.1409524,155,5250.8
Ruta02,15.7831361,-96.1411428,156,5282
Ruta02,15.7834446,-96.1414176,157,5327.2
Ruta02,15.7835692,-96.1412614,158,5348.9
Ruta02,15.7837297,-96.1410785,159,5375.4
Ruta02,15.7837969,-96.1410302,160,5384.5
Ruta02,15.7846099,-96.1409846,161,5475
Ruta02,15.7847338,-96.1410369,162,5489.9
Ruta02,15.7852668,-96.1414661,163,5564.8
Ruta02,15.7852668,-96.1414661,1,0
Ruta02,15.7848229,-96.1422167,2,94.3
Ruta02,15.7843787,-96.1419289,3,152.5
Ruta02,15.7835692,-96.1412614,4,267.4
Ruta02,15.7834446,-96.1414176,5,289.1
Ruta02,15.7831361,-96.1411428,6,334.3
Ruta02,15.7829232,-96.1409524,7,365.5
Ruta02,15.7826805,-96.1407767,8,398.4
Ruta02,15.7824805,-96.1406386,9,425.1
Ruta02,15.7822869,-96.1405139,10,450.4
Ruta02,15.7818597,-96.1402953,11,503.4
Ruta02,15.7813579,-96.140089,12,563.4
Ruta02,15.7812094,-96.1405588,13,616.3
Ruta02,15.7811156,-96.1408865,14,652.9
Ruta02,15.7810907,-96.1409778,15,663
Ruta02,15.7806258,-96.1408559,16,716.3
Ruta02,15.7802071,-96.140732,17,764.8
Ruta02,15.7797985,-96.1406155,18,811.9
Ruta02,15.7793968,-96.140502,19,858.2
Ruta02,15.7789763,-96.1403774,20,906.8
Ruta02,15.7785601,-96.1402692,21,954.5
Ruta02,15.778137,-96.1401574,22,1003
Ruta02,15.7777191,-96.1400251,23,1051.6
Ruta02,15.7773205,-96.1399039,24,1097.8
Ruta02,15.7768949,-96.1397969,25,1146.5
Ruta02,15.7767612,-96.1397511,26,1162.1
Ruta02,15.7764929,-96.1396686,27,1193.2
Ruta02,15.7760887,-96.1395575,28,1239.7
Ruta02,15.7758896,-96.1395335,29,1262
Ruta02,15.7758302,-96.1395228,30,1268.7
Ruta02,15.7757701,-96.1395271,31,1275.4
Ruta02,15.7756376,-96.1395409,32,1290.2
Ruta02,15.7756031,-96.1395415,33,1294.1
Ruta02,15.7743925,-96.1394155,34,1429.4
Ruta02,15.7735536,-96.1393458,35,1522.9
Ruta02,15.7731666,-96.1393187,36,1566.1
Ruta02,15.7730508,-96.1403517,37,1677.3
Ruta02,15.7729466,-96.1403385,38,1689
Ruta02,15.7725389,-96.1402748,39,1734.9
Ruta02,15.7721597,-96.1402041,40,1777.7
Ruta02,15.771796,-96.1401526,41,1818.5
Ruta02,15.771375,-96.1400914,42,1865.8
Ruta02,15.7707762,-96.1400083,43,1933
Ruta02,15.7703059,-96.1399414,44,1985.7
Ruta02,15.7697955,-96.1398688,45,2043
Ruta02,15.7696133,-96.1399949,46,2067.4
Ruta02,15.7692723,-96.1401596,47,2109.2
Ruta02,15.7690585,-96.1393718,48,2196.8
Ruta02,15.7689982,-96.1391603,49,2220.4
Ruta02,15.7688649,-96.1386767,50,2274.2
Ruta02,15.7687985,-96.1384293,51,2301.7
Ruta02,15.7686854,-96.1383265,52,2318.4
Ruta02,15.7685228,-96.138234,53,2339
Ruta02,15.7682814,-96.1381562,54,2367.1
Ruta02,15.7678524,-96.1380284,55,2416.7
Ruta02,15.7674466,-96.1379114,56,2463.6
Ruta02,15.7670538,-96.1378053,57,2508.7
Ruta02,15.7666451,-96.1377001,58,2555.5
Ruta02,15.7663242,-96.1376163,59,2592.3
Ruta02,15.7662414,-96.1375944,60,2601.8
Ruta02,15.7658098,-96.1374763,61,2651.4
Ruta02,15.7653923,-96.1373636,62,2699.4
Ruta02,15.7653187,-96.1373415,63,2707.9
Ruta02,15.7655462,-96.1364381,64,2807.9
Ruta02,15.7655904,-96.1361285,65,2841.3
Ruta02,15.7656478,-96.1356192,66,2896.2
Ruta02,15.7653839,-96.1353707,67,2935.8
Ruta02,15.7649542,-96.1349637,68,3000.5
Ruta02,15.7649316,-96.1349295,69,3004.9
Ruta02,15.7644681,-96.1342967,70,3090
Ruta02,15.7643692,-96.134111,71,3112.7
Ruta02,15.7643152,-96.1340182,72,3124.3
Ruta02,15.7642644,-96.133931,73,3135.2
Ruta02,15.7641434,-96.1337024,74,3163.2
Ruta02,15.7637174,-96.1328502,75,3265.9
Ruta02,15.7636766,-96.1327707,76,3275.6
Ruta02,15.763617,-96.1326547,77,3289.6
Ruta02,15.7635396,-96.1325039,78,3307.9
Ruta02,15.7630199,-96.1315225,79,3427.8
Ruta02,15.7624947,-96.1305274,80,3549.2
Ruta02,15.7618678,-96.1295702,81,3673.1
Ruta02,15.7613821,-96.1286971,82,3781.1
Ruta02,15.7612969,-96.1285439,83,3800
Ruta02,15.7609376,-96.1278605,84,3883.3
Ruta02,15.7609109,-96.1278131,85,3889.2
Ruta02,15.7608798,-96.1277686,86,3895.1
Ruta02,15.7608447,-96.1277275,87,3901
Ruta02,15.7608059,-96.1276902,88,3906.9
Ruta02,15.7607509,-96.1276483,89,3914.4
Ruta02,15.7607074,-96.1276133,90,3920.6
Ruta02,15.7606512,-96.1275764,91,3928
Ruta02,15.7606065,-96.1275447,92,3934
Ruta02,15.760466,-96.1276111,93,3951.1
Ruta02,15.7602773,-96.1277372,94,3976.1
Ruta02,15.7598472,-96.1281536,95,4041.4
Ruta02,15.7595656,-96.1284386,96,4085.2
Ruta02,15.759126,-96.1290495,97,4166.8
Ruta02,15.7589473,-96.1293016,98,4200.3
Ruta02,15.7585039,-96.1299668,99,4286.9
Ruta02,15.7582329,-96.130306,100,4334.1
Ruta02,15.7581791,-96.1303709,101,4343.2
Ruta02,15.7574527,-96.1309478,102,4444.9
Ruta02,15.7571433,-96.1312068,103,4489.1
Ruta02,15.756888,-96.1314205,104,4525.5
Ruta02,15.7566643,-96.1316347,105,4559.4
Ruta02,15.7566482,-96.1316801,106,4564.5
Ruta02,15.7566291,-96.1317182,107,4569.1
Ruta02,15.756606,-96.1317538,108,4573.7
Ruta02,15.7565741,-96.1317917,109,4579.1
Ruta02,15.7565376,-96.1318249,110,4584.5
Ruta02,15.7565156,-96.131845,111,4587.8
Ruta02,15.7564974,-96.1318518,112,4589.9
Ruta02,15.7564566,-96.1318734,113,4595
Ruta02,15.7564128,-96.1318868,114,4600.1
Ruta02,15.7563674,-96.1318917,115,4605.2
Ruta02,15.7563224,-96.1319068,116,4610.4
Ruta02,15.7562749,-96.1319321,117,4616.4
Ruta02,15.7562013,-96.1319851,118,4626.3
Ruta02,15.7561851,-96.1319973,119,4628.5
Ruta02,15.7558741,-96.1322325,120,4671.3
Ruta02,15.7557823,-96.1323078,121,4684.3
Ruta02,15.7556532,-96.1324137,122,4702.6
Ruta02,15.7553443,-96.1327891,123,4755.5
Ruta02,15.7549055,-96.1334247,124,4839.2
Ruta02,15.7542182,-96.1344018,125,4968.7
Ruta02,15.753982,-96.134733,126,5012.8
Ruta02,15.7539005,-96.1348456,127,5027.9
Ruta02,15.7533043,-96.1356698,128,5138.2
Ruta02,15.7532766,-96.1357107,129,5143.6
Ruta02,15.7532649,-96.1357281,130,5145.8
Ruta02,15.753192,-96.1358703,131,5163.1
Ruta02,15.7531159,-96.1360493,132,5184
Ruta02,15.7530913,-96.1361164,133,5191.7
Ruta02,15.7530565,-96.1362049,134,5201.9
Ruta02,15.7530281,-96.1362619,135,5208.8
Ruta02,15.7529623,-96.1363357,136,5219.6
Ruta02,15.7528628,-96.1364242,137,5234.1
Ruta02,15.7528138,-96.1364511,138,5240.3
Ruta02,15.7527686,-96.1364564,139,5245.4
Ruta02,15.7526693,-96.1364798,140,5256.7
Ruta02,15.752313,-96.1365381,141,5296.8
Ruta03,15.750111,-96.1379108,1,0
Ruta03,15.7502233,-96.1377646,2,20
Ruta03,15.7502866,-96.1376761,3,31.8
Ruta03,15.7503795,-96.1375339,4,50.2
Ruta03,15.7505918,-96.1372228,5,91
Ruta03,15.750808,-96.1369257,6,130.9
Ruta03,15.7509874,-96.1367105,7,161.4
Ruta03,15.751192,-96.1365757,8,188.3
Ruta03,15.7512779,-96.1365411,9,198.5
Ruta03,15.7515599,-96.1365369,10,229.9
Ruta03,15.7519859,-96.136455,11,278.1
Ruta03,15.7523711,-96.136394,12,321.4
Ruta03,15.7524579,-96.136374,13,331.3
Ruta03,15.752544,-96.1363559,14,341.1
Ruta03,15.7526148,-96.1363373,15,349.2
Ruta03,15.7526847,-96.1363155,16,357.3
Ruta03,15.752819,-96.136227,17,375
Ruta03,15.7528732,-96.1361774,18,383
Ruta03,15.7529133,-96.1361251,19,390.2
Ruta03,15.7529442,-96.1360976,20,394.7
Ruta03,15.7529887,-96.1360165,21,404.7
Ruta03,15.7531879,-96.1356776,22,447.2
Ruta03,15.7532069,-96.1356523,23,450.6
Ruta03,15.7532351,-96.1356153,24,455.7
Ruta03,15.7539078,-96.134678,25,580.8
Ruta03,15.7541497,-96.1343381,26,626
Ruta03,15.7548338,-96.1333685,27,754.7
Ruta03,15.7552753,-96.132735,28,838.4
Ruta03,15.7556082,-96.1323425,29,894.4
Ruta03,15.7557451,-96.1322379,30,913.3
Ruta03,15.7560368,-96.1319898,31,955.2
Ruta03,15.7562968,-96.1317897,32,991.2
Ruta03,15.7563266,-96.1317335,33,998
Ruta03,15.7563535,-96.1316984,34,1002.8
Ruta03,15.7563839,-96.1316666,35,1007.6
Ruta03,15.7564175,-96.1316384,36,1012.4
Ruta03,15.7564662,-96.1316076,37,1018.8
Ruta03,15.7565186,-96.1315844,38,1025.1
Ruta03,15.756544,-96.1315784,39,1028
Ruta03,15.7565698,-96.1315747,40,1030.9
Ruta03,15.7565918,-96.1315707,41,1033.4
Ruta03,15.7575327,-96.1307573,42,1169.5
Ruta03,15.7578889,-96.130528,43,1216.1
Ruta03,15.7581587,-96.1302987,44,1254.8
Ruta03,15.7586905,-96.1295128,45,1357.6
Ruta03,15.7590131,-96.1290434,46,1419.4
Ruta03,15.7591913,-96.1287765,47,1454.1
Ruta03,15.759421,-96.12846,48,1496.6
Ruta03,15.7597579,-96.1280993,49,1550.3
Ruta03,15.7600354,-96.1277922,50,1595.4
Ruta03,15.7603182,-96.127483,51,1641.1
Ruta03,15.7604554,-96.1273509,52,1661.9
Ruta03,15.7604512,-96.1272977,53,1667.6
Ruta03,15.7604523,-96.1272645,54,1671.1
Ruta03,15.7604603,-96.1272259,55,1675.4
Ruta03,15.7604761,-96.1271773,56,1680.9
Ruta03,15.7605,-96.1271397,57,1685.7
Ruta03,15.7605471,-96.1270694,58,1694.8
Ruta03,15.7606446,-96.1269755,59,1709.6
Ruta03,15.7606839,-96.1269613,60,1714.3
Ruta03,15.7607795,-96.1269412,61,1725.1
Ruta03,15.7609279,-96.1269526,62,1741.6
Ruta03,15.7609943,-96.126966,63,1749.2
Ruta03,15.7610518,-96.1270018,64,1756.6
Ruta03,15.7610976,-96.127072,65,1765.7
Ruta03,15.7611219,-96.1271197,66,1771.5
Ruta03,15.7611336,-96.1271828,67,1778.3
Ruta03,15.761126,-96.1272376,68,1784.3
Ruta03,15.7611094,-96.1273383,69,1795.2
Ruta03,15.7610989,-96.1274019,70,1802.1
Ruta03,15.7610887,-96.1274572,71,1808.1
Ruta03,15.7610857,-96.1275134,72,1814.2
Ruta03,15.7610898,-96.1275695,73,1820.2
Ruta03,15.7610991,-96.1276171,74,1825.4
Ruta03,15.7611135,-96.1276634,75,1830.6
Ruta03,15.7611329,-96.1277076,76,1835.8
Ruta03,15.761157,-96.1277492,77,1841
Ruta03,15.761508,-96.1284306,78,1923.7
Ruta03,15.761592,-96.1285824,79,1942.4
Ruta03,15.7618822,-96.1291069,80,2007.2
Ruta03,15.7620663,-96.1293938,81,2044.1
Ruta03,15.7621351,-96.1294996,82,2057.7
Ruta03,15.762481,-96.1300376,83,2127
Ruta03,15.7627209,-96.130434,84,2177.1
Ruta03,15.762831,-96.1306165,85,2200.1
Ruta03,15.7629265,-96.1308002,86,2222.5
Ruta03,15.7632779,-96.1314347,87,2300.8
Ruta03,15.7637968,-96.1323539,88,2414.9
Ruta03,15.763879,-96.1325102,89,2433.9
Ruta03,15.7639435,-96.1326315,90,2448.7
Ruta03,15.7639734,-96.1326958,91,2456.4
Ruta03,15.7643707,-96.1334764,92,2550.9
Ruta03,15.7644727,-96.1336608,93,2573.6
Ruta03,15.764738,-96.1341371,94,2632.5
Ruta03,15.7649373,-96.134495,95,2676.8
Ruta03,15.7651232,-96.1347726,96,2713
Ruta03,15.7653273,-96.1349919,97,2745.6
Ruta03,15.7655191,-96.1351614,98,2773.6
Ruta03,15.7657502,-96.1353409,99,2805.7
Ruta03,15.765997,-96.1355451,100,2840.8
Ruta03,15.7658939,-96.1358401,101,2874.4
Ruta03,15.7656831,-96.1363265,102,2931.5
Ruta03,15.7656136,-96.136504,103,2952
Ruta03,15.7653923,-96.1373636,104,3047.2
Ruta03,15.7653187,-96.1373415,105,3055.7
Ruta03,15.764905,-96.1372245,106,3103.4
Ruta03,15.7647238,-96.137166,107,3124.5
Ruta03,15.7643172,-96.1370592,108,3171.1
Ruta03,15.7639121,-96.1369471,109,3217.7
Ruta03,15.7636793,-96.1369023,110,3244.1
Ruta03,15.7635828,-96.1368775,111,3255.1
Ruta03,15.7633876,-96.1368232,112,3277.6
Ruta03,15.7629618,-96.136694,113,3326.9
Ruta03,15.7626361,-96.1366106,114,3364.2
Ruta03,15.7625683,-96.1366059,115,3371.8
Ruta03,15.762527,-96.1366354,116,3377.3
Ruta03,15.7624812,-96.13674,117,3389.6
Ruta03,15.7623056,-96.1374606,118,3469.2
Ruta03,15.7627402,-96.1375839,119,3519.3
Ruta03,15.7631549,-96.1377056,120,3567.2
Ruta03,15.7633808,-96.1377659,121,3593.1
Ruta03,15.7634774,-96.1377936,122,3604.3
Ruta03,15.7636825,-96.137849,123,3627.8
Ruta03,15.764088,-96.137965,124,3674.6
Ruta03,15.7646881,-96.1381082,125,3743.1
Ruta03,15.7650837,-96.1382092,126,3788.4
Ruta03,15.7653187,-96.1373415,127,3884.8
Ruta03,15.7655462,-96.1364381,128,3984.7
Ruta03,15.7655904,-96.1361285,129,4018.2
Ruta03,15.7656478,-96.1356192,130,4073.1
Ruta03,15.7657502,-96.1353409,131,4105
Ruta03,15.765997,-96.1355451,132,4140.1
Ruta03,15.7663158,-96.1358093,133,4185.4
Ruta03,15.7666165,-96.1360882,134,4230.2
Ruta03,15.766801,-96.1361807,135,4253
Ruta03,15.767928,-96.1367197,136,4391
Ruta03,15.7681291,-96.1368178,137,4415.7
Ruta03,15.768284,-96.136905,138,4435.3
Ruta03,15.7685111,-96.1370806,139,4466.7
Ruta03,15.7686802,-96.1372536,140,4493.1
Ruta03,15.7687938,-96.1374293,141,4515.8
Ruta03,15.7689313,-96.1377065,142,4549.1
Ruta03,15.76919,-96.1385069,143,4639.5
Ruta03,15.7692171,-96.138584,144,4648.3
Ruta03,15.7694806,-96.1395571,145,4756.5
Ruta03,15.7696133,-96.1399949,146,4805.6
Ruta03,15.7697605,-96.1404602,147,4858
Ruta03,15.7697882,-96.1405324,148,4866.3
Ruta03,15.7698934,-96.1408062,149,4897.9
Ruta03,15.7700328,-96.1410798,150,4931
Ruta03,15.7702158,-96.1414078,151,4971.6
Ruta03,15.7702557,-96.1414687,152,4979.4
Ruta03,15.7703363,-96.1416,153,4996.1
Ruta03,15.7704819,-96.1418134,154,5024.1
Ruta03,15.7708369,-96.1422962,155,5089.1
Ruta03,15.7711337,-96.142775,156,5150.1
Ruta03,15.7712963,-96.1430754,157,5186.9
Ruta03,15.7714434,-96.143416,158,5226.9
Ruta03,15.771841,-96.1444353,159,5344.6
Ruta03,15.7720229,-96.1446002,160,5371.4
Ruta03,15.7722901,-96.1447336,161,5404.4
Ruta03,15.7724643,-96.1447504,162,5423.8
Ruta03,15.7727044,-96.1447129,163,5450.8
Ruta03,15.7730545,-96.1444513,164,5498.8
Ruta03,15.7733161,-96.1442006,165,5538.4
Ruta03,15.773583,-96.1439172,166,5580.8
Ruta03,15.7736498,-96.1439785,167,5590.7
Ruta03,15.7735381,-96.1441013,168,5608.8
Ruta03,15.7733548,-96.144273,169,5636.2
Ruta03,15.7732903,-96.1443722,170,5649
Ruta03,15.7732387,-96.144501,171,5664
Ruta03,15.7732262,-96.1446711,172,5682.2
Ruta03,15.7732886,-96.1447527,173,5693.4
Ruta03,15.7734026,-96.144902,174,5713.8
Ruta03,15.7733974,-96.1449663,175,5720.7
Ruta03,15.7733897,-96.1450401,176,5728.6
Ruta03,15.7733768,-96.1451662,177,5742.2
Ruta03,15.7732183,-96.1454427,178,5776.6
Ruta03,15.7730832,-96.1457744,179,5815.2
Ruta03,15.7730954,-96.1459272,180,5831.6
Ruta03,15.7731129,-96.1460915,181,5849.3
Ruta03,15.7731341,-96.146239,182,5865.2
Ruta03,15.7733406,-96.1464523,183,5897.6
Ruta03,15.7738242,-96.146942,184,5972.7
Ruta03,15.7747564,-96.1479047,185,6118.8
Ruta03,15.7752106,-96.1483755,186,6190.2
Ruta03,15.7756779,-96.1488569,187,6263.3
Ruta03,15.7759464,-96.1491251,188,6304.7
Ruta03,15.7764335,-96.1496286,189,6381.1
Ruta03,15.776713,-96.1498976,190,6423.5
Ruta03,15.7778538,-96.1510804,191,6602.7
Ruta03,15.7783017,-96.1515646,192,6674.6
Ruta03,15.778869,-96.152301,193,6775.5
Ruta03,15.7789644,-96.1524215,194,6792.2
Ruta03,15.7795355,-96.1531578,195,6893.4
Ruta03,15.780151,-96.1539182,196,6999.7
Ruta03,15.7807802,-96.1547288,197,7111.1
Ruta03,15.7807912,-96.1547457,198,7113.3
Ruta03,15.7812054,-96.1552687,199,7185.8
Ruta03,15.7816223,-96.1558957,200,7267.4
Ruta03,15.7816804,-96.1559822,201,7278.6
Ruta03,15.7818907,-96.1563322,202,7322.8
Ruta03,15.7822701,-96.1570356,203,7409.1
Ruta03,15.7823605,-96.1572334,204,7432.5
Ruta03,15.7824385,-96.1574642,205,7458.7
Ruta03,15.7824882,-96.1577109,206,7485.7
Ruta03,15.7824986,-96.1578944,207,7505.3
Ruta03,15.7824921,-96.1581373,208,7531.3
Ruta03,15.7824444,-96.1584243,209,7562.5
Ruta03,15.7823385,-96.158769,210,7601.2
Ruta03,15.7821746,-96.1591807,211,7648.9
Ruta03,15.7819236,-96.1598231,212,7723.1
Ruta03,15.7817965,-96.1601101,213,7756.9
Ruta03,15.7816907,-96.1607002,214,7821.1
Ruta03,15.7816074,-96.1610073,215,7855.2
Ruta03,15.7814816,-96.1614606,216,7905.7
Ruta03,15.7813461,-96.1624664,217,8014.4
Ruta03,15.7813138,-96.1627427,218,8044.2
Ruta03,15.7812284,-96.1632429,219,8098.5
Ruta03,15.7810207,-96.163956,220,8178.3
Ruta03,15.780745,-96.1644891,221,8243
Ruta03,15.7802943,-96.165036,222,8320.1
Ruta03,15.7795644,-96.1658336,223,8437.8
Ruta03,15.7793037,-96.1661837,224,8485.2
Ruta03,15.7790298,-96.1665525,225,8535.1
Ruta03,15.7787891,-96.1671289,226,8602.3
Ruta03,15.7786777,-96.1676579,227,8660.2
Ruta03,15.778557,-96.1683872,228,8739.4
Ruta03,15.7784912,-96.1689875,229,8804.1
Ruta03,15.7784052,-96.1699087,230,8903.1
Ruta03,15.7783505,-96.1703104,231,8946.5
Ruta03,15.7782178,-96.1711916,232,9042
Ruta03,15.7781533,-96.1716047,233,9086.7
Ruta03,15.7781429,-96.1721036,234,9140.1
Ruta03,15.7781662,-96.1731564,235,9252.8
Ruta03,15.7782152,-96.1739087,236,9333.5
Ruta03,15.7783184,-96.1745846,237,9406.7
Ruta03,15.7783815,-96.1750185,238,9453.7
Ruta03,15.7784733,-96.1757594,239,9533.6
Ruta03,15.778543,-96.1761805,240,9579.4
Ruta03,15.7785688,-96.1764997,241,9613.6
Ruta03,15.7786525,-96.1776729,242,9739.5
Ruta03,15.7787289,-96.1786831,243,9847.9
Ruta03,15.7786528,-96.1800032,244,9989.5
Ruta03,15.7784348,-96.1816897,245,10171.5
Ruta03,15.7783907,-96.1827144,246,10281.3
Ruta03,15.7784836,-96.1835352,247,10369.7
Ruta03,15.7787469,-96.1844981,248,10476.8
Ruta03,15.7789005,-96.1848602,249,10519.2
Ruta03,15.7790825,-96.1851914,250,10560
Ruta03,15.7795521,-96.1858432,251,10647.1
Ruta03,15.7809138,-96.1870381,252,10845.3
Ruta03,15.7819617,-96.1879836,253,10999.6
Ruta03,15.782354,-96.1884624,254,11066.9
Ruta03,15.782567,-96.1888446,255,11114.2
Ruta03,15.7827089,-96.1892134,256,11156.7
Ruta03,15.7830751,-96.1904696,257,11297.1
Ruta03,15.7833981,-96.1915362,258,11416.8
Ruta03,15.7835942,-96.1921933,259,11490.4
Ruta03,15.7838472,-96.1930262,260,11583.8
Ruta03,15.7844176,-96.1949399,261,11798.2
Ruta03,15.7845131,-96.1955193,262,11861.1
Ruta03,15.7844912,-96.1963347,263,11948.4
Ruta03,15.7843608,-96.1968832,264,12008.8
Ruta03,15.7842937,-96.197079,265,12031.1
Ruta03,15.7840588,-96.1975792,266,12090.6
Ruta03,15.783673,-96.1980794,267,12159.2
Ruta03,15.783118,-96.1986078,268,12242.9
Ruta03,15.782665,-96.1990142,269,12309.5
Ruta03,15.7818804,-96.1997598,270,12427.7
Ruta03,15.7816455,-96.1999838,271,12463.2
Ruta03,15.7799299,-96.2016901,272,12727.2
Ruta03,15.7796168,-96.202206,273,12792.5
Ruta03,15.7794541,-96.2027069,274,12849
Ruta03,15.7794126,-96.2030402,275,12885
Ruta03,15.7794098,-96.2033942,276,12922.9
Ruta03,15.7794083,-96.2036131,277,12946.3
Ruta03,15.7797845,-96.2048223,278,13082.3
Ruta03,15.7801188,-96.206153,279,13229.5
Ruta03,15.7804035,-96.2070234,280,13327.8
Ruta03,15.780706,-96.2079486,281,13432.4
Ruta03,15.7809073,-96.2085602,282,13501.6
Ruta03,15.7811551,-96.2093568,283,13591.1
Ruta03,15.7812325,-96.2096652,284,13625.2
Ruta03,15.7812767,-96.209933,285,13654.3
Ruta03,15.7812971,-96.210207,286,13683.7
Ruta03,15.781279,-96.2105262,287,13717.9
Ruta03,15.7812532,-96.2109125,288,13759.4
Ruta03,15.7811345,-96.2112424,289,13797.1
Ruta03,15.7810312,-96.2114435,290,13821.4
Ruta03,15.7807525,-96.2118271,291,13872.9
Ruta03,15.7804556,-96.2121356,292,13919.6
Ruta03,15.7797665,-96.2127793,293,14022.6
Ruta03,15.7795496,-96.2130314,294,14058.8
Ruta03,15.7793819,-96.213313,295,14094.2
Ruta03,15.7792141,-96.2136805,296,14137.7
Ruta03,15.7790696,-96.2140077,297,14176.3
Ruta03,15.7788605,-96.2148714,298,14271.6
Ruta03,15.778543,-96.2159443,299,14391.7
Ruta03,15.7784707,-96.216234,300,14423.7
Ruta03,15.7777996,-96.2184414,301,14671.4
Ruta03,15.7775983,-96.2188974,302,14725.1
Ruta03,15.7773195,-96.21934,303,14781.7
Ruta03,15.7767852,-96.2199944,304,14873.5
Ruta03,15.7761193,-96.2208447,305,14990.8
Ruta03,15.7754559,-96.2217352,306,15111.3
Ruta03,15.7752623,-96.2220839,307,15154.4
Ruta03,15.7751023,-96.2225184,308,15204.2
Ruta03,15.7750146,-96.2229475,309,15251.1
Ruta03,15.7749603,-96.2234464,310,15304.9
Ruta03,15.77495,-96.2243959,311,15406.5
Ruta03,15.7749216,-96.2249646,312,15467.4
Ruta03,15.7748442,-96.2254661,313,15521.8
Ruta03,15.7747126,-96.2259516,314,15575.7
Ruta03,15.7743693,-96.2266302,315,15657.8
Ruta03,15.7739459,-96.2274188,316,15754.4
Ruta03,15.7736956,-96.2278506,317,15808.4
Ruta03,15.7733394,-96.2284648,318,15885.1
Ruta03,15.7730941,-96.2291274,319,15961.1
Ruta03,15.7729986,-96.2296692,320,16020
Ruta03,15.7730012,-96.2303987,321,16098.1
Ruta03,15.7731329,-96.2310585,322,16170.2
Ruta03,15.7732955,-96.2315226,323,16223
Ruta03,15.7733755,-96.2316808,324,16242.1
Ruta03,15.773551,-96.2320161,325,16283
Ruta03,15.7737756,-96.2323916,326,16330.3
Ruta03,15.7739563,-96.2327215,327,16370.9
Ruta03,15.7740905,-96.2331399,328,16418.1
Ruta03,15.774186,-96.2336388,329,16472.5
Ruta03,15.7742376,-96.2344167,330,16556
Ruta03,15.7742685,-96.2349102,331,16608.9
Ruta03,15.774235,-96.2353823,332,16659.6
Ruta03,15.7741602,-96.2358248,333,16707.6
Ruta03,15.7741215,-96.2362674,334,16755.2
Ruta03,15.7741086,-96.2369567,335,16829
Ruta03,15.7740931,-96.2381718,336,16959
Ruta03,15.7740698,-96.238896,337,17036.5
Ruta03,15.774013,-96.2393412,338,17084.6
Ruta03,15.7738762,-96.2399474,339,17151.2
Ruta03,15.773711,-96.2406287,340,17226.4
Ruta03,15.7733471,-96.2416559,341,17343.5
Ruta03,15.7728747,-96.2430239,342,17499.1
Ruta03,15.7725908,-96.2440163,343,17609.8
Ruta03,15.7723507,-96.2446788,344,17685.6
Ruta03,15.7721778,-96.2452206,345,17746.7
Ruta03,15.7720926,-96.2456927,346,17798.1
Ruta03,15.7720307,-96.246551,347,17890.2
Ruta03,15.7720668,-96.2472162,348,17961.5
Ruta03,15.7720539,-96.2475488,349,17997.1
Ruta03,15.7719791,-96.2478599,350,18031.4
Ruta03,15.7703151,-96.2522702,351,18538.3
Ruta03,15.7693094,-96.2549161,352,18842.8
Ruta03,15.7692997,-96.25501,353,18852.9
Ruta03,15.7685718,-96.2570344,354,19084.1
Ruta03,15.7682717,-96.2577311,355,19165.8
Ruta03,15.768231,-96.257843,356,19178.6
Ruta03,15.7681544,-96.2580561,357,19202.9
Ruta03,15.7681023,-96.2582056,358,19220
Ruta03,15.7680198,-96.2584222,359,19244.9
Ruta03,15.7679562,-96.2586021,360,19265.4
Ruta03,15.7677548,-96.2591587,361,19329
Ruta03,15.7674458,-96.2600415,362,19429.6
Ruta03,15.7673341,-96.2602759,363,19457.5
Ruta03,15.7671908,-96.2607828,364,19514.1
Ruta03,15.7671044,-96.2611475,365,19554.3
Ruta03,15.767045,-96.2614667,366,19589.1
Ruta03,15.7669737,-96.2618023,367,19625.8
Ruta03,15.7668992,-96.2621279,368,19661.7
Ruta03,15.766792,-96.2625221,369,19705.5
Ruta03,15.7666901,-96.2628575,370,19743.1
Ruta03,15.7665855,-96.2631297,371,19774.5
Ruta03,15.7664861,-96.2633912,372,19804.6
Ruta03,15.7663597,-96.2636724,373,19837.8
Ruta03,15.7662339,-96.2639206,374,19867.8
Ruta03,15.7661092,-96.264147,375,19895.7
Ruta03,15.7658865,-96.2645236,376,19943
Ruta03,15.7656863,-96.2648472,377,19984.2
Ruta03,15.7654855,-96.2651862,378,20026.8
Ruta03,15.7652622,-96.2655374,379,20071.8
Ruta03,15.7650447,-96.2658865,380,20116.3
Ruta03,15.7648133,-96.2662752,381,20165.2
Ruta03,15.764596,-96.266711,382,20217.8
Ruta03,15.7643911,-96.2671619,383,20271.1
Ruta03,15.764223,-96.267675,384,20329.1
Ruta03,15.7640174,-96.2683541,385,20405.3
Ruta03,15.7639069,-96.2688165,386,20456.3
Ruta03,15.763728,-96.2700026,387,20584.8
Ruta03,15.7636694,-96.2703319,388,20620.6
Ruta03,15.7632887,-96.2718806,389,20791.7
Ruta03,15.7632767,-96.2721412,390,20819.6
Ruta03,15.763307,-96.2722435,391,20831
Ruta03,15.7633598,-96.2723429,392,20843.2
Ruta03,15.7634902,-96.2724551,393,20862
Ruta03,15.7643178,-96.2728254,394,20962.2
Ruta03,15.7644582,-96.2728855,395,20979.1
Ruta03,15.7646526,-96.2729265,396,21001.2
Ruta03,15.7648243,-96.2729224,397,21020.2
Ruta03,15.7649936,-96.2728994,398,21039.2
Ruta03,15.7652228,-96.2728195,399,21066.1
Ruta03,15.76595,-96.2725515,400,21151.9
Ruta03,15.7661547,-96.2724874,401,21175.7
Ruta03,15.7663819,-96.2724391,402,21201.5
Ruta03,15.7666885,-96.2723983,403,21235.8
Ruta03,15.7688196,-96.272187,404,21473.9
Ruta03,15.7690251,-96.2721988,405,21496.8
Ruta03,15.7692171,-96.2722385,406,21518.5
Ruta03,15.7694417,-96.2723458,407,21546
Ruta03,15.7696224,-96.2724718,408,21570.2
Ruta03,15.7698036,-96.2726317,409,21596.7
Ruta03,15.7699866,-96.2728554,410,21628.1
Ruta03,15.7701056,-96.2730812,411,21655.6
Ruta03,15.7701825,-96.2733141,412,21682
Ruta03,15.7702238,-96.2735072,413,21703.1
Ruta03,15.770247,-96.2738505,414,21740
Ruta03,15.7703239,-96.2747872,415,21840.6
Ruta03,15.7703983,-96.2760355,416,21974.4
Ruta03,15.7704194,-96.2762591,417,21998.4
Ruta03,15.7704768,-96.2764818,418,22023.1
Ruta03,15.7706136,-96.2767285,419,22053.6
Ruta03,15.7707762,-96.2769324,420,22081.9
Ruta03,15.7709517,-96.2770557,421,22105.5
Ruta03,15.7712124,-96.2771818,422,22137.5
Ruta03,15.7717235,-96.2772945,423,22195.6
Ruta03,15.7726698,-96.2775037,424,22303.1
Ruta03,15.7730332,-96.2775793,425,22344.3
Ruta03,15.7758937,-96.2781393,426,22668
Ruta03,15.7761916,-96.2782493,427,22703.2
Ruta03,15.7765994,-96.2784585,428,22753.7
Ruta03,15.7768705,-96.2786501,429,22790.2
Ruta03,15.7770668,-96.2787957,430,22817
Ruta03,15.7774367,-96.2791581,431,22873.5
Ruta03,15.7775933,-96.2793585,432,22901.2
Ruta03,15.7777575,-96.2796052,433,22933.3
Ruta03,15.7779118,-96.2798956,434,22968.8
Ruta03,15.7780756,-96.2801759,435,23003.8
Ruta03,15.7782023,-96.280379,436,23029.7
Ruta03,15.7783341,-96.2805382,437,23052.2
Ruta03,15.7797433,-96.2818462,438,23262.3
Ruta03,15.7798682,-96.2819696,439,23281.5
Ruta03,15.7799763,-96.2821399,440,23303.3
Ruta03,15.7800556,-96.282293,441,23321.9
Ruta03,15.7801028,-96.2824286,442,23337.3
Ruta03,15.7801335,-96.2825878,443,23354.7
Ruta03,15.780199,-96.282786,444,23377.1
Ruta03,15.780293,-96.283029,445,23405.2
Ruta03,15.7804646,-96.2832731,446,23437.5
Ruta03,15.7805831,-96.2833933,447,23455.9
Ruta03,15.7819841,-96.2848538,448,23676.6
Ruta03,15.7823098,-96.2851872,449,23727.4
Ruta03,15.7825596,-96.285501,450,23771
Ruta03,15.7833544,-96.2866088,451,23918.9
Ruta03,15.7835013,-96.2867975,452,23944.8
Ruta03,15.7836472,-96.286953,453,23968.1
Ruta03,15.7838279,-96.2870859,454,23992.7
Ruta03,15.7845428,-96.2875305,455,24085.3
Ruta03,15.7849028,-96.2877578,456,24132.2
Ruta03,15.7852178,-96.2879631,457,24173.5
Ruta03,15.7853558,-96.2880676,458,24192.5
Ruta03,15.7855429,-96.2882419,459,24220.4
Ruta03,15.785645,-96.28836,460,24237.4
Ruta03,15.7857223,-96.2884953,461,24254.3
Ruta03,15.785815,-96.2887574,462,24284.1
Ruta03,15.7858527,-96.2888964,463,24299.6
Ruta03,15.7859404,-96.2892725,464,24341
Ruta03,15.785974,-96.2894449,465,24359.8
Ruta03,15.786063,-96.289811,466,24400.2
Ruta03,15.7861165,-96.2900092,467,24422.3
Ruta03,15.7861986,-96.2902562,468,24450.2
Ruta03,15.7862862,-96.2904386,469,24472
Ruta03,15.7864102,-96.2906397,470,24497.6
Ruta03,15.786505,-96.2907591,471,24514.2
Ruta03,15.7867289,-96.290963,472,24547.3
Ruta03,15.7869612,-96.2911105,473,24577.5
Ruta03,15.7871561,-96.2911963,474,24601.1
Ruta03,15.7875552,-96.2913556,475,24648.6
Ruta03,15.7879291,-96.2915048,476,24693.1
Ruta03,15.7885421,-96.291761,477,24766.6
Ruta03,15.7889215,-96.2919125,478,24811.8
Ruta03,15.7891022,-96.2920051,479,24834.2
Ruta03,15.7893538,-96.2921874,480,24868.3
Ruta03,15.7895707,-96.2924342,481,24904.1
Ruta03,15.7896907,-96.2926421,482,24930
Ruta03,15.7897784,-96.2928714,483,24956.4
Ruta03,15.7898855,-96.2933257,484,25006.5
Ruta03,15.7900469,-96.29401,485,25081.8
Ruta03,15.790135,-96.2943371,486,25118.2
Ruta03,15.7902675,-96.2948294,487,25172.9
Ruta03,15.7903927,-96.2951271,488,25207.7
Ruta03,15.7907011,-96.2955523,489,25264.6
Ruta03,15.7907869,-96.2957132,490,25284.3
Ruta03,15.7908554,-96.2959184,491,25307.5
Ruta03,15.7908908,-96.2961558,492,25333.3
Ruta03,15.7909579,-96.2975755,493,25485.3
Ruta03,15.7909822,-96.2978214,494,25511.8
Ruta03,15.7910503,-96.298046,495,25537
Ruta03,15.7911741,-96.2983036,496,25567.8
Ruta03,15.7912922,-96.2984772,497,25590.5
Ruta03,15.7921256,-96.2994306,498,25728.4
Ruta03,15.7922504,-96.299538,499,25746.4
Ruta03,15.792363,-96.2996288,500,25762.2
Ruta03,15.7925168,-96.2997253,501,25782.2
Ruta03,15.7931801,-96.2999711,502,25860.5
Ruta03,15.7934317,-96.3000826,503,25890.9
Ruta03,15.7935351,-96.3001442,504,25904.2
Ruta03,15.7936653,-96.3002394,505,25921.9
Ruta03,15.7940835,-96.3006484,506,25985.7
Ruta03,15.794425,-96.3010103,507,26040
Ruta03,15.7949843,-96.3016784,508,26134.7
Ruta03,15.795324,-96.3020461,509,26189.3
Ruta03,15.7954656,-96.3021607,510,26209.2
Ruta03,15.7955695,-96.302228,511,26222.8
Ruta03,15.7957031,-96.302278,512,26238.6
Ruta03,15.7959002,-96.3023294,513,26261.2
Ruta03,15.7964179,-96.3024456,514,26320.1
Ruta03,15.7966828,-96.3025188,515,26350.6
Ruta03,15.7968941,-96.3026092,516,26376
Ruta03,15.7970683,-96.3026964,517,26397.5
Ruta03,15.7980343,-96.3032931,518,26522.5
Ruta03,15.798287,-96.3034114,519,26553.3
Ruta03,15.7984499,-96.3034704,520,26572.5
Ruta03,15.7986748,-96.3035322,521,26598.3
Ruta03,15.7988955,-96.3035833,522,26623.5
Ruta03,15.7991099,-96.3036253,523,26647.7
Ruta03,15.801895,-96.3042124,524,26963.7
Ruta03,15.8021402,-96.3042617,525,26991.5
Ruta03,15.8032375,-96.3044902,526,27115.9
Ruta03,15.8034146,-96.3045365,527,27136.2
Ruta03,15.8035721,-96.3045967,528,27154.9
Ruta03,15.8037305,-96.3047066,529,27176.1
Ruta03,15.8038441,-96.3048182,530,27193.5
Ruta03,15.8039722,-96.3049856,531,27216.3
Ruta03,15.8040534,-96.305143,532,27235.4
Ruta03,15.8041201,-96.3053497,533,27258.8
Ruta03,15.8043261,-96.30607,534,27339.2
Ruta03,15.8043804,-96.306229,535,27357.2
Ruta03,15.8044604,-96.3063953,536,27377.1
Ruta03,15.8045724,-96.3065217,537,27395.5
Ruta03,15.8046733,-96.3066072,538,27410
Ruta03,15.8047933,-96.3066903,539,27426
Ruta03,15.8056071,-96.3072909,540,27537
Ruta03,15.8063284,-96.307826,541,27635.5
Ruta03,15.807123,-96.308404,542,27743.4
Ruta03,15.807802,-96.3089834,543,27841.1
Ruta03,15.808927,-96.309762,544,27991.4
Ruta03,15.8090898,-96.3098712,545,28012.9
Ruta03,15.8092896,-96.3099886,546,28038.4
Ruta03,15.8095132,-96.3100881,547,28065.5
Ruta03,15.8097698,-96.3101918,548,28096.1
Ruta03,15.810175,-96.3103406,549,28143.9
Ruta03,15.8104228,-96.3103902,550,28171.9
Ruta03,15.8105741,-96.3104095,551,28188.9
Ruta03,15.8107131,-96.3104117,552,28204.3
Ruta03,15.810926,-96.3103982,553,28228.1
Ruta03,15.8117802,-96.310181,554,28325.8
Ruta03,15.8124512,-96.3099906,555,28403.2
Ruta03,15.8127609,-96.3099236,556,28438.4
Ruta03,15.8128693,-96.3099169,557,28450.4
Ruta03,15.8130616,-96.3099396,558,28472
Ruta03,15.8131687,-96.3099786,559,28484.6
Ruta03,15.8142802,-96.3105286,560,28621.5
Ruta03,15.8145268,-96.3106437,561,28651.5
Ruta03,15.8147363,-96.3107523,562,28677.6
Ruta03,15.8149571,-96.310901,563,28706.8
Ruta03,15.8150884,-96.3110202,564,28726.2
Ruta03,15.8152645,-96.3112195,565,28755.1
Ruta03,15.8161404,-96.3124196,566,28916.3
Ruta03,15.8164629,-96.3128217,567,28972.3
Ruta03,15.8165849,-96.312956,568,28992.1
Ruta03,15.8167558,-96.3131181,569,29017.8
Ruta03,15.8169997,-96.3132951,570,29050.9
Ruta03,15.8172255,-96.3134265,571,29079.6
Ruta03,15.8177457,-96.313697,572,29144.3
Ruta03,15.8183911,-96.3140102,573,29223.5
Ruta03,15.8188719,-96.3142609,574,29283.3
Ruta03,15.8191098,-96.314394,575,29313.4
Ruta03,15.8192931,-96.314538,576,29338.9
Ruta03,15.819473,-96.314682,577,29364.2
Ruta03,15.8195908,-96.3148115,578,29383.2
Ruta03,15.8200026,-96.3152511,579,29448.9
Ruta03,15.8203688,-96.3156608,580,29508.7
Ruta03,15.8207532,-96.3160631,581,29569.4
Ruta03,15.8210513,-96.3163809,582,29616.8
Ruta03,15.8213635,-96.3166626,583,29662.8
Ruta03,15.8217908,-96.316989,584,29721.8
Ruta03,15.8221996,-96.3172969,585,29777.9
Ruta03,15.8223316,-96.3173948,586,29796
Ruta03,15.8230563,-96.3179312,587,29894.9
Ruta03,15.8234984,-96.3182632,588,29955.5
Ruta03,15.8250418,-96.319401,589,30165.9
Ruta03,15.8259416,-96.3200659,590,30288.7
Ruta03,15.8264158,-96.3204017,591,30352.5
Ruta03,15.8265999,-96.3205248,592,30376.8
Ruta03,15.8267141,-96.3205832,593,30391
Ruta03,15.8269956,-96.3207208,594,30425.6
Ruta03,15.827184,-96.3207851,595,30447.6
Ruta03,15.8273852,-96.3208281,596,30470.5
Ruta03,15.8275891,-96.3208522,597,30493.3
Ruta03,15.8278433,-96.3208763,598,30521.7
Ruta03,15.8280878,-96.3208767,599,30548.9
Ruta03,15.8283328,-96.3208717,600,30576.1
Ruta03,15.8285673,-96.320865,601,30602.2
Ruta03,15.8287315,-96.3208527,602,30620.5
Ruta03,15.8290963,-96.3208454,603,30661.1
Ruta03,15.830278,-96.3208468,604,30792.5
Ruta03,15.831784,-96.3207696,605,30960.1
Ruta03,15.8327711,-96.3207587,606,31069.9
Ruta03,15.8334124,-96.3206146,607,31142.9
Ruta03,15.8335111,-96.3205902,608,31154.1
Ruta03,15.8341009,-96.3204244,609,31222.1
Ruta03,15.8350609,-96.3201454,610,31332.9
Ruta03,15.8352544,-96.321272,611,31455.3
Ruta03,15.8356079,-96.3212921,612,31494.7
Ruta03,15.8358556,-96.3213202,613,31522.4
Ruta03,15.836075,-96.3213779,614,31547.6
Ruta03,15.8361491,-96.3213973,615,31556.1
Ruta03,15.8367123,-96.3216877,1,0
Ruta03,15.8365964,-96.3215641,2,18.5
Ruta03,15.8365601,-96.3215254,3,24.2
Ruta03,15.8365227,-96.3214718,4,31.3
Ruta03,15.8361713,-96.3214017,5,71.1
Ruta03,15.8361491,-96.3213973,6,73.6
Ruta03,15.836075,-96.3213779,7,82.1
Ruta03,15.8360279,-96.3216451,8,111.2
Ruta03,15.8359689,-96.3217619,9,125.3
Ruta03,15.8358637,-96.3218618,10,141.1
Ruta03,15.8357266,-96.3219439,11,158.7
Ruta03,15.8355263,-96.3219646,12,181.1
Ruta03,15.8354415,-96.3219734,13,190.6
Ruta03,15.835257,-96.3219881,14,211.2
Ruta03,15.8351692,-96.3219774,15,221
Ruta03,15.8350776,-96.3218956,16,234.4
Ruta03,15.834986,-96.3218017,17,248.7
Ruta03,15.8348996,-96.3216481,18,267.8
Ruta03,15.8346699,-96.3212438,19,318
Ruta03,15.8342261,-96.3211982,20,367.6
Ruta03,15.8335367,-96.3210115,21,446.8
Ruta03,15.8327711,-96.3207587,22,536.1
Ruta03,15.831784,-96.3207696,23,645.9
Ruta03,15.830278,-96.3208468,24,813.6
Ruta03,15.8290963,-96.3208454,25,945
Ruta03,15.8287315,-96.3208527,26,985.5
Ruta03,15.8285673,-96.320865,27,1003.8
Ruta03,15.8283251,-96.3209211,28,1031.4
Ruta03,15.8280735,-96.3209419,29,1059.5
Ruta03,15.8278343,-96.3209474,30,1086.1
Ruta03,15.8275852,-96.320942,31,1113.8
Ruta03,15.8273872,-96.3209155,32,1136
Ruta03,15.8271478,-96.3208704,33,1163
Ruta03,15.826975,-96.3208117,34,1183.3
Ruta03,15.8267156,-96.3206977,35,1214.6
Ruta03,15.8264668,-96.3205596,36,1245.9
Ruta03,15.8258963,-96.3201426,37,1323.5
Ruta03,15.825455,-96.3198129,38,1383.9
Ruta03,15.8249969,-96.3194709,39,1446.6
Ruta03,15.8245956,-96.3191751,40,1501.3
Ruta03,15.824143,-96.3188406,41,1563.1
Ruta03,15.8237072,-96.3185155,42,1622.7
Ruta03,15.823372,-96.3182747,43,1668.1
Ruta03,15.8230271,-96.3180141,44,1715.5
Ruta03,15.822586,-96.3176985,45,1775
Ruta03,15.8221383,-96.3173687,46,1836
Ruta03,15.821699,-96.3170367,47,1896.4
Ruta03,15.8212448,-96.3166894,48,1959.1
Ruta03,15.8207754,-96.3162318,49,2030.7
Ruta03,15.8203247,-96.3157413,50,2103.3
Ruta03,15.8199347,-96.31532,51,2165.8
Ruta03,15.8195154,-96.31487,52,2232.8
Ruta03,15.8194461,-96.3147995,53,2243.6
Ruta03,15.8193382,-96.3146973,54,2259.8
Ruta03,15.8192105,-96.3145859,55,2278.4
Ruta03,15.8190425,-96.3144735,56,2300.6
Ruta03,15.8188341,-96.3143551,57,2327
Ruta03,15.8183458,-96.3140941,58,2388.1
Ruta03,15.8171661,-96.3135029,59,2533.7
Ruta03,15.8168808,-96.3133218,60,2570.9
Ruta03,15.8166938,-96.3131797,61,2596.6
Ruta03,15.8165112,-96.3130275,62,2622.6
Ruta03,15.8164048,-96.3129102,63,2639.9
Ruta03,15.8161842,-96.3126377,64,2678
Ruta03,15.8160712,-96.3124815,65,2698.9
Ruta03,15.8152373,-96.3113286,66,2853.2
Ruta03,15.8150261,-96.3110819,67,2888.5
Ruta03,15.8147639,-96.3108783,68,2924.9
Ruta03,15.8145933,-96.310782,69,2946.5
Ruta03,15.8142503,-96.3106026,70,2989.2
Ruta03,15.813228,-96.3101193,71,3114.1
Ruta03,15.813046,-96.3100629,72,3135.2
Ruta03,15.812926,-96.3100455,73,3148.7
Ruta03,15.8126732,-96.3100442,74,3176.8
Ruta03,15.8124474,-96.3100751,75,3202.1
Ruta03,15.811796,-96.3102496,76,3276.9
Ruta03,15.8114319,-96.3103423,77,3318.6
Ruta03,15.8110254,-96.3104459,78,3365.1
Ruta03,15.8108499,-96.3104747,79,3384.9
Ruta03,15.8105918,-96.310476,80,3413.6
Ruta03,15.8103621,-96.3104519,81,3439.3
Ruta03,15.8101635,-96.310405,82,3461.9
Ruta03,15.8094573,-96.3101479,83,3545.1
Ruta03,15.8090315,-96.309942,84,3597.3
Ruta03,15.8087988,-96.309796,85,3627.6
Ruta03,15.8078807,-96.309135,86,3751.8
Ruta03,15.8047038,-96.306713,87,4189.9
Ruta03,15.8045869,-96.3066195,88,4206.3
Ruta03,15.8044877,-96.3065203,89,4221.6
Ruta03,15.8043987,-96.3063964,90,4238.1
Ruta03,15.8043211,-96.3062556,91,4255.5
Ruta03,15.8042603,-96.3061035,92,4273.1
Ruta03,15.8041672,-96.3057959,93,4307.6
Ruta03,15.8040549,-96.3053815,94,4353.7
Ruta03,15.8040031,-96.3052501,95,4368.9
Ruta03,15.8039293,-96.3051055,96,4386.4
Ruta03,15.8038306,-96.3049732,97,4404.3
Ruta03,15.803742,-96.3048728,98,4418.8
Ruta03,15.8036163,-96.3047723,99,4436.5
Ruta03,15.8034606,-96.3046744,100,4456.7
Ruta03,15.8032783,-96.3045916,101,4478.8
Ruta03,15.803096,-96.304532,102,4500.1
Ruta03,15.8028544,-96.3044816,103,4527.5
Ruta03,15.8021338,-96.3043496,104,4608.9
Ruta03,15.801883,-96.3043093,105,4637.1
Ruta03,15.8008937,-96.3041123,106,4749.1
Ruta03,15.7990966,-96.3037129,107,4953.4
Ruta03,15.7985549,-96.3036069,108,5014.7
Ruta03,15.7983407,-96.3035497,109,5039.3
Ruta03,15.7981067,-96.3034498,110,5067.4
Ruta03,15.7979476,-96.3033645,111,5087.3
Ruta03,15.7971491,-96.3028639,112,5191
Ruta03,15.7969947,-96.3027754,113,5210.6
Ruta03,15.7967504,-96.3026563,114,5240.7
Ruta03,15.7965391,-96.3025866,115,5265.3
Ruta03,15.7960294,-96.3024697,116,5323.3
Ruta03,15.7956782,-96.3023916,117,5363.3
Ruta03,15.7955623,-96.3023503,118,5376.9
Ruta03,15.7953804,-96.3022443,119,5400.1
Ruta03,15.7952436,-96.3021209,120,5420.2
Ruta03,15.7948874,-96.3017254,121,5478.2
Ruta03,15.7943621,-96.3011021,122,5566.8
Ruta03,15.7937707,-96.3004744,123,5660.8
Ruta03,15.7935724,-96.3003011,124,5689.7
Ruta03,15.7933763,-96.3001751,125,5715.3
Ruta03,15.7932156,-96.3001026,126,5734.8
Ruta03,15.7931311,-96.3000651,127,5745
Ruta03,15.7925504,-96.2998478,128,5813.6
Ruta03,15.7922742,-96.2996975,129,5848.3
Ruta03,15.7921065,-96.2995542,130,5872.4
Ruta03,15.7920467,-96.2994891,131,5882.1
Ruta03,15.791287,-96.2986287,132,6007
Ruta03,15.7910914,-96.2983525,133,6043.7
Ruta03,15.7909696,-96.2981077,134,6073.2
Ruta03,15.7908908,-96.2978495,135,6102.2
Ruta03,15.7908722,-96.297628,136,6126
Ruta03,15.7907876,-96.2961182,137,6287.8
Ruta03,15.7907217,-96.2958379,138,6318.7
Ruta03,15.7906165,-96.2956126,139,6345.4
Ruta03,15.7903085,-96.2951764,140,6403.3
Ruta03,15.7902236,-96.2950038,141,6424.1
Ruta03,15.7901642,-96.2948146,142,6445.4
Ruta03,15.7899559,-96.2940737,143,6528
Ruta03,15.7896649,-96.2928486,144,6663
Ruta03,15.789608,-96.2927085,145,6679.3
Ruta03,15.78951,-96.2925241,146,6701.8
Ruta03,15.7894119,-96.2923927,147,6719.6
Ruta03,15.7892828,-96.2922625,148,6739.6
Ruta03,15.7890674,-96.2921002,149,6769.2
Ruta03,15.7887292,-96.2919407,150,6810.5
Ruta03,15.7880775,-96.2916684,151,6888.6
Ruta03,15.7870063,-96.2912473,152,7015.9
Ruta03,15.7868399,-96.2911588,153,7036.7
Ruta03,15.7866695,-96.2910475,154,7059.1
Ruta03,15.7865141,-96.290904,155,7082.2
Ruta03,15.7863612,-96.2907457,156,7106.2
Ruta03,15.7862076,-96.2905231,157,7135.5
Ruta03,15.7861183,-96.2903279,158,7158.6
Ruta03,15.7860511,-96.2901294,159,7181.2
Ruta03,15.7860086,-96.289933,160,7202.7
Ruta03,15.7859737,-96.2897772,161,7219.8
Ruta03,15.7858948,-96.2894404,162,7256.9
Ruta03,15.7858115,-96.2891115,163,7293.3
Ruta03,15.7857223,-96.2887595,164,7332.2
Ruta03,15.7856514,-96.2885839,165,7352.6
Ruta03,15.7855507,-96.2884119,166,7374.2
Ruta03,15.7854191,-96.2882647,167,7395.7
Ruta03,15.7852138,-96.2880783,168,7426
Ruta03,15.784491,-96.287609,169,7520.7
Ruta03,15.7838002,-96.2871765,170,7610.4
Ruta03,15.7836078,-96.2870349,171,7636.6
Ruta03,15.7834387,-96.2868645,172,7662.8
Ruta03,15.7832406,-96.2866076,173,7698.1
Ruta03,15.7824106,-96.2854537,174,7852.2
Ruta03,15.7821602,-96.2851613,175,7894.1
Ruta03,15.7819269,-96.2849221,176,7930.5
Ruta03,15.7805212,-96.2834775,177,8150.4
Ruta03,15.7804081,-96.2833504,178,8168.9
Ruta03,15.7802233,-96.2830881,179,8203.7
Ruta03,15.7801575,-96.2829355,180,8221.6
Ruta03,15.7800958,-96.2827742,181,8240.1
Ruta03,15.7800442,-96.2825843,182,8261.3
Ruta03,15.7799998,-96.2824161,183,8279.9
Ruta03,15.7799363,-96.2822548,184,8298.6
Ruta03,15.7798645,-96.2821278,185,8314.3
Ruta03,15.7797628,-96.2820065,186,8331.5
Ruta03,15.7782591,-96.2805828,187,8557.7
Ruta03,15.7780945,-96.280387,188,8585.6
Ruta03,15.7779489,-96.2801483,189,8615.8
Ruta03,15.7776896,-96.2796559,190,8675.9
Ruta03,15.7775353,-96.2794198,191,8706.4
Ruta03,15.7774129,-96.2792669,192,8727.7
Ruta03,15.7771675,-96.2790298,193,8764.9
Ruta03,15.7768601,-96.2787455,194,8810.7
Ruta03,15.7765478,-96.278539,195,8851.9
Ruta03,15.776127,-96.2783325,196,8903.6
Ruta03,15.7758586,-96.2782225,197,8935.7
Ruta03,15.7739717,-96.2778282,198,9149.7
Ruta03,15.7732294,-96.2777011,199,9233.4
Ruta03,15.7717183,-96.2773964,200,9404.5
Ruta03,15.771295,-96.2773133,201,9452.4
Ruta03,15.7710976,-96.277247,202,9475.5
Ruta03,15.7709001,-96.2771335,203,9500.6
Ruta03,15.7707168,-96.2769914,204,9526
Ruta03,15.7705465,-96.2767902,205,9554.7
Ruta03,15.7704101,-96.2765048,206,9588.8
Ruta03,15.7703508,-96.2762966,207,9612
Ruta03,15.770325,-96.2761346,208,9629.6
Ruta03,15.7702274,-96.2747893,209,9774
Ruta03,15.7701993,-96.2743947,210,9816.3
Ruta03,15.770148,-96.2736724,211,9893.8
Ruta03,15.7701262,-96.2734938,212,9913.1
Ruta03,15.7700906,-96.2733312,213,9930.9
Ruta03,15.770024,-96.2731375,214,9952.9
Ruta03,15.7699187,-96.2729428,215,9976.8
Ruta03,15.7698018,-96.2727824,216,9998.4
Ruta03,15.7696497,-96.2726134,217,10023.1
Ruta03,15.7694737,-96.2724729,218,10047.8
Ruta03,15.7692992,-96.2723619,219,10070.5
Ruta03,15.7691299,-96.2723082,220,10090.2
Ruta03,15.7689794,-96.2722862,221,10107.1
Ruta03,15.7688145,-96.2722729,222,10125.5
Ruta03,15.7666518,-96.2724864,223,10367.1
Ruta03,15.7664281,-96.2725107,224,10392.1
Ruta03,15.7661754,-96.272563,225,10420.7
Ruta03,15.7659466,-96.2726274,226,10447.1
Ruta03,15.7652682,-96.2729015,227,10528
Ruta03,15.7650158,-96.2729702,228,10557.1
Ruta03,15.7648098,-96.2730064,229,10580.3
Ruta03,15.7645729,-96.2730083,230,10606.6
Ruta03,15.7644097,-96.2729611,231,10625.5
Ruta03,15.7634108,-96.2725089,232,10746.6
Ruta03,15.7633719,-96.2724913,233,10751.3
Ruta03,15.7631595,-96.2723953,234,10777.1
Ruta03,15.7629673,-96.2723003,235,10800.8
Ruta03,15.762986,-96.2722333,236,10808.2
Ruta03,15.763065,-96.2719301,237,10841.8
Ruta03,15.7634427,-96.2703637,238,11014.6
Ruta03,15.7635204,-96.270054,239,11048.9
Ruta03,15.7637001,-96.2695163,240,11109.8
Ruta03,15.7639069,-96.2688165,241,11188.1
Ruta03,15.7640174,-96.2683541,242,11239.1
Ruta03,15.764223,-96.267675,243,11315.3
Ruta03,15.7643911,-96.2671619,244,11373.3
Ruta03,15.764596,-96.266711,245,11426.7
Ruta03,15.7648133,-96.2662752,246,11479.2
Ruta03,15.7650447,-96.2658865,247,11528.1
Ruta03,15.7652622,-96.2655374,248,11572.6
Ruta03,15.7654855,-96.2651862,249,11617.7
Ruta03,15.7656863,-96.2648472,250,11660.3
Ruta03,15.7658865,-96.2645236,251,11701.4
Ruta03,15.7661092,-96.264147,252,11748.7
Ruta03,15.7662339,-96.2639206,253,11776.6
Ruta03,15.7663597,-96.2636724,254,11806.7
Ruta03,15.7664861,-96.2633912,255,11839.9
Ruta03,15.7665855,-96.2631297,256,11870
Ruta03,15.7666901,-96.2628575,257,11901.3
Ruta03,15.766792,-96.2625221,258,11939
Ruta03,15.7668992,-96.2621279,259,11982.8
Ruta03,15.7669737,-96.2618023,260,12018.6
Ruta03,15.767045,-96.2614667,261,12055.4
Ruta03,15.7671044,-96.2611475,262,12090.2
Ruta03,15.7671908,-96.2607828,263,12130.4
Ruta03,15.7673341,-96.2602759,264,12186.9
Ruta03,15.7673793,-96.2600082,265,12216
Ruta03,15.7674058,-96.2599211,266,12225.8
Ruta03,15.7676826,-96.2590259,267,12326.4
Ruta03,15.7679319,-96.2583845,268,12400.4
Ruta03,15.7680102,-96.2581775,269,12424.2
Ruta03,15.7680694,-96.2580247,270,12441.8
Ruta03,15.7681504,-96.2578081,271,12466.7
Ruta03,15.7682808,-96.2574829,272,12504.4
Ruta03,15.7692539,-96.2549832,273,12793
Ruta03,15.7693094,-96.2549161,274,12802.4
Ruta03,15.7703151,-96.2522702,275,13106.8
Ruta03,15.7719791,-96.2478599,276,13613.8
Ruta03,15.7720539,-96.2475488,277,13648.1
Ruta03,15.7720668,-96.2472162,278,13683.7
Ruta03,15.7720307,-96.246551,279,13755
Ruta03,15.7720926,-96.2456927,280,13847.1
Ruta03,15.7721778,-96.2452206,281,13898.5
Ruta03,15.7723507,-96.2446788,282,13959.6
Ruta03,15.7725908,-96.2440163,283,14035.3
Ruta03,15.7728747,-96.2430239,284,14146.1
Ruta03,15.7733471,-96.2416559,285,14301.6
Ruta03,15.773711,-96.2406287,286,14418.8
Ruta03,15.7738762,-96.2399474,287,14494
Ruta03,15.774013,-96.2393412,288,14560.6
Ruta03,15.7740698,-96.238896,289,14608.6
Ruta03,15.7740931,-96.2381718,290,14686.2
Ruta03,15.7741086,-96.2369567,291,14816.2
Ruta03,15.7741215,-96.2362674,292,14890
Ruta03,15.7741602,-96.2358248,293,14937.5
Ruta03,15.774235,-96.2353823,294,14985.6
Ruta03,15.7742685,-96.2349102,295,15036.3
Ruta03,15.7742376,-96.2344167,296,15089.2
Ruta03,15.774186,-96.2336388,297,15172.6
Ruta03,15.7740905,-96.2331399,298,15227.1
Ruta03,15.7739563,-96.2327215,299,15274.3
Ruta03,15.7737756,-96.2323916,300,15314.9
Ruta03,15.773551,-96.2320161,301,15362.2
Ruta03,15.7733755,-96.2316808,302,15403
Ruta03,15.7732955,-96.2315226,303,15422.2
Ruta03,15.7731329,-96.2310585,304,15475
Ruta03,15.7730012,-96.2303987,305,15547.1
Ruta03,15.7729986,-96.2296692,306,15625.2
Ruta03,15.7730941,-96.2291274,307,15684.1
Ruta03,15.7733394,-96.2284648,308,15760.1
Ruta03,15.7736956,-96.2278506,309,15836.8
Ruta03,15.7739459,-96.2274188,310,15890.8
Ruta03,15.7743693,-96.2266302,311,15987.4
Ruta03,15.7747126,-96.2259516,312,16069.4
Ruta03,15.7748442,-96.2254661,313,16123.4
Ruta03,15.7749216,-96.2249646,314,16177.8
Ruta03,15.77495,-96.2243959,315,16238.7
Ruta03,15.7749603,-96.2234464,316,16340.3
Ruta03,15.7750146,-96.2229475,317,16394
Ruta03,15.7751023,-96.2225184,318,16441
Ruta03,15.7752623,-96.2220839,319,16490.7
Ruta03,15.7754559,-96.2217352,320,16533.8
Ruta03,15.7761193,-96.2208447,321,16654.3
Ruta03,15.7767852,-96.2199944,322,16771.6
Ruta03,15.7773195,-96.21934,323,16863.5
Ruta03,15.7775983,-96.2188974,324,16920.1
Ruta03,15.7777996,-96.2184414,325,16973.8
Ruta03,15.7784707,-96.216234,326,17221.5
Ruta03,15.778543,-96.2159443,327,17253.5
Ruta03,15.7788605,-96.2148714,328,17373.6
Ruta03,15.7790696,-96.2140077,329,17468.9
Ruta03,15.7792141,-96.2136805,330,17507.4
Ruta03,15.7793819,-96.213313,331,17551
Ruta03,15.7795496,-96.2130314,332,17586.4
Ruta03,15.7797665,-96.2127793,333,17622.6
Ruta03,15.7804556,-96.2121356,334,17725.6
Ruta03,15.7807525,-96.2118271,335,17772.3
Ruta03,15.7810312,-96.2114435,336,17823.7
Ruta03,15.7811345,-96.2112424,337,17848.1
Ruta03,15.7812532,-96.2109125,338,17885.8
Ruta03,15.781279,-96.2105262,339,17927.2
Ruta03,15.7812971,-96.210207,340,17961.5
Ruta03,15.7812767,-96.209933,341,17990.9
Ruta03,15.7812325,-96.2096652,342,18019.9
Ruta03,15.7811551,-96.2093568,343,18054
Ruta03,15.7809073,-96.2085602,344,18143.6
Ruta03,15.780706,-96.2079486,345,18212.8
Ruta03,15.7804035,-96.2070234,346,18317.3
Ruta03,15.7801188,-96.206153,347,18415.7
Ruta03,15.7797845,-96.2048223,348,18562.9
Ruta03,15.7794083,-96.2036131,349,18698.9
Ruta03,15.7794098,-96.2033942,350,18722.3
Ruta03,15.7794126,-96.2030402,351,18760.2
Ruta03,15.7794541,-96.2027069,352,18796.1
Ruta03,15.7796168,-96.202206,353,18852.7
Ruta03,15.7799299,-96.2016901,354,18918
Ruta03,15.7816455,-96.1999838,355,19182
Ruta03,15.7818804,-96.1997598,356,19217.5
Ruta03,15.782665,-96.1990142,357,19335.7
Ruta03,15.783118,-96.1986078,358,19402.2
Ruta03,15.783673,-96.1980794,359,19485.9
Ruta03,15.7840588,-96.1975792,360,19554.5
Ruta03,15.7842937,-96.197079,361,19614.1
Ruta03,15.7843608,-96.1968832,362,19636.3
Ruta03,15.7844912,-96.1963347,363,19696.8
Ruta03,15.7845131,-96.1955193,364,19784.1
Ruta03,15.7844176,-96.1949399,365,19847
Ruta03,15.7838472,-96.1930262,366,20061.3
Ruta03,15.7835942,-96.1921933,367,20154.8
Ruta03,15.7833981,-96.1915362,368,20228.4
Ruta03,15.7830751,-96.1904696,369,20348.1
Ruta03,15.7827089,-96.1892134,370,20488.5
Ruta03,15.782567,-96.1888446,371,20531
Ruta03,15.782354,-96.1884624,372,20578.3
Ruta03,15.7819617,-96.1879836,373,20645.6
Ruta03,15.7809138,-96.1870381,374,20799.9
Ruta03,15.7795521,-96.1858432,375,20998
Ruta03,15.7790825,-96.1851914,376,21085.2
Ruta03,15.7789005,-96.1848602,377,21126
Ruta03,15.7787469,-96.1844981,378,21168.3
Ruta03,15.7784836,-96.1835352,379,21275.4
Ruta03,15.7783907,-96.1827144,380,21363.9
Ruta03,15.7784348,-96.1816897,381,21473.6
Ruta03,15.7786528,-96.1800032,382,21655.7
Ruta03,15.7787289,-96.1786831,383,21797.2
Ruta03,15.7786525,-96.1776729,384,21905.7
Ruta03,15.7785688,-96.1764997,385,22031.5
Ruta03,15.778543,-96.1761805,386,22065.8
Ruta03,15.7784733,-96.1757594,387,22111.5
Ruta03,15.7783815,-96.1750185,388,22191.5
Ruta03,15.7783184,-96.1745846,389,22238.4
Ruta03,15.7782152,-96.1739087,390,22311.7
Ruta03,15.7781662,-96.1731564,391,22392.3
Ruta03,15.7781429,-96.1721036,392,22505
Ruta03,15.7781533,-96.1716047,393,22558.4
Ruta03,15.7782178,-96.1711916,394,22603.2
Ruta03,15.7783505,-96.1703104,395,22698.6
Ruta03,15.7784052,-96.1699087,396,22742.1
Ruta03,15.7784912,-96.1689875,397,22841.1
Ruta03,15.778557,-96.1683872,398,22905.7
Ruta03,15.7786777,-96.1676579,399,22984.9
Ruta03,15.7787891,-96.1671289,400,23042.9
Ruta03,15.7790298,-96.1665525,401,23110.1
Ruta03,15.7793037,-96.1661837,402,23160
Ruta03,15.7795644,-96.1658336,403,23207.3
Ruta03,15.7802943,-96.165036,404,23325.1
Ruta03,15.780745,-96.1644891,405,23402.2
Ruta03,15.7810207,-96.163956,406,23466.9
Ruta03,15.7812284,-96.1632429,407,23546.6
Ruta03,15.7813138,-96.1627427,408,23601
Ruta03,15.7813461,-96.1624664,409,23630.8
Ruta03,15.7814816,-96.1614606,410,23739.4
Ruta03,15.7816074,-96.1610073,411,23789.9
Ruta03,15.7816907,-96.1607002,412,23824.1
Ruta03,15.7817965,-96.1601101,413,23888.3
Ruta03,15.7818778,-96.1595562,414,23948.3
Ruta03,15.7819462,-96.1590573,415,24002.2
Ruta03,15.7819914,-96.1586805,416,24042.8
Ruta03,15.7820559,-96.1581534,417,24099.7
Ruta03,15.782092,-96.1576317,418,24155.6
Ruta03,15.7820327,-96.1573172,419,24189.9
Ruta03,15.7819488,-96.1570846,420,24216.5
Ruta03,15.7816429,-96.1565414,421,24283.8
Ruta03,15.781399,-96.1560828,422,24339.9
Ruta03,15.7809215,-96.1552177,423,24446.6
Ruta03,15.7807737,-96.155,424,24475.1
Ruta03,15.7805227,-96.1547107,425,24516.8
Ruta03,15.7799374,-96.1540421,426,24613.5
Ruta03,15.7798116,-96.1538833,427,24635.5
Ruta03,15.7787121,-96.1526401,428,24816.2
Ruta03,15.7782449,-96.1520983,429,24894.1
Ruta03,15.7767945,-96.1504745,430,25131.1
Ruta03,15.7757965,-96.1493348,431,25296
Ruta03,15.7738337,-96.1474729,432,25591.5
Ruta03,15.7732271,-96.1469002,433,25682.7
Ruta03,15.7727353,-96.1463504,434,25763
Ruta03,15.772503,-96.1460271,435,25806.2
Ruta03,15.7724548,-96.1459756,436,25813.9
Ruta03,15.7723865,-96.1458649,437,25827.9
Ruta03,15.7723645,-96.1458307,438,25832.3
Ruta03,15.7721365,-96.145421,439,25883
Ruta03,15.7720628,-96.1453056,440,25897.8
Ruta03,15.7720784,-96.1452211,441,25907
Ruta03,15.77211,-96.1451668,442,25913.8
Ruta03,15.7721738,-96.1451073,443,25923.3
Ruta03,15.7727044,-96.1447129,444,25995.9
Ruta03,15.7730545,-96.1444513,445,26043.8
Ruta03,15.7733161,-96.1442006,446,26083.4
Ruta03,15.773583,-96.1439172,447,26125.8
Ruta03,15.7736697,-96.1438251,448,26139.6
Ruta03,15.7738917,-96.1434442,449,26187.3
Ruta03,15.7738969,-96.1432618,450,26206.8
Ruta03,15.7738556,-96.1431035,451,26224.3
Ruta03,15.7737549,-96.142956,452,26243.7
Ruta03,15.7734736,-96.1425564,453,26296.7
Ruta03,15.7734259,-96.1424963,454,26305
Ruta03,15.7732542,-96.1422801,455,26335
Ruta03,15.7731483,-96.1421058,456,26357.1
Ruta03,15.7730864,-96.1419609,457,26374
Ruta03,15.7730451,-96.1418429,458,26387.5
Ruta03,15.7729418,-96.1410919,459,26468.6
Ruta03,15.7729251,-96.1407419,460,26506.1
Ruta03,15.7729466,-96.1403385,461,26549.4
Ruta03,15.7725389,-96.1402748,462,26595.2
Ruta03,15.7721597,-96.1402041,463,26638.1
Ruta03,15.771796,-96.1401526,464,26678.9
Ruta03,15.771375,-96.1400914,465,26726.1
Ruta03,15.7707762,-96.1400083,466,26793.3
Ruta03,15.7703059,-96.1399414,467,26846.1
Ruta03,15.7697955,-96.1398688,468,26903.4
Ruta03,15.7696133,-96.1399949,469,26927.7
Ruta03,15.7692723,-96.1401596,470,26969.5
Ruta03,15.7690585,-96.1393718,471,27057.1
Ruta03,15.7689982,-96.1391603,472,27080.7
Ruta03,15.7688649,-96.1386767,473,27134.6
Ruta03,15.7687985,-96.1384293,474,27162
Ruta03,15.7686854,-96.1383265,475,27178.8
Ruta03,15.7685228,-96.138234,476,27199.4
Ruta03,15.7682814,-96.1381562,477,27227.5
Ruta03,15.7678524,-96.1380284,478,27277.1
Ruta03,15.7674466,-96.1379114,479,27323.9
Ruta03,15.7670538,-96.1378053,480,27369
Ruta03,15.7666451,-96.1377001,481,27415.9
Ruta03,15.7663242,-96.1376163,482,27452.7
Ruta03,15.7662414,-96.1375944,483,27462.2
Ruta03,15.7658098,-96.1374763,484,27511.8
Ruta03,15.7653923,-96.1373636,485,27559.8
Ruta03,15.7653187,-96.1373415,486,27568.3
Ruta03,15.7655462,-96.1364381,487,27668.2
Ruta03,15.7655904,-96.1361285,488,27701.7
Ruta03,15.7656478,-96.1356192,489,27756.6
Ruta03,15.7653839,-96.1353707,490,27796.2
Ruta03,15.7649542,-96.1349637,491,27860.8
Ruta03,15.7649316,-96.1349295,492,27865.3
Ruta03,15.7644681,-96.1342967,493,27950.4
Ruta03,15.7643692,-96.134111,494,27973.1
Ruta03,15.7643152,-96.1340182,495,27984.7
Ruta03,15.7642644,-96.133931,496,27995.6
Ruta03,15.7641434,-96.1337024,497,28023.5
Ruta03,15.7637174,-96.1328502,498,28126.3
Ruta03,15.7636766,-96.1327707,499,28135.9
Ruta03,15.763617,-96.1326547,500,28150
Ruta03,15.7635396,-96.1325039,501,28168.3
Ruta03,15.7630199,-96.1315225,502,28288.1
Ruta03,15.7624947,-96.1305274,503,28409.6
Ruta03,15.7618678,-96.1295702,504,28533.5
Ruta03,15.7613821,-96.1286971,505,28641.4
Ruta03,15.7612969,-96.1285439,506,28660.4
Ruta03,15.7609376,-96.1278605,507,28743.7
Ruta03,15.7609109,-96.1278131,508,28749.6
Ruta03,15.7608798,-96.1277686,509,28755.5
Ruta03,15.7608447,-96.1277275,510,28761.3
Ruta03,15.7608059,-96.1276902,511,28767.2
Ruta03,15.7607509,-96.1276483,512,28774.8
Ruta03,15.7607074,-96.1276133,513,28780.9
Ruta03,15.7606512,-96.1275764,514,28788.3
Ruta03,15.7606065,-96.1275447,515,28794.3
Ruta03,15.760466,-96.1276111,516,28811.5
Ruta03,15.7602773,-96.1277372,517,28836.4
Ruta03,15.7598472,-96.1281536,518,28901.8
Ruta03,15.7595656,-96.1284386,519,28945.5
Ruta03,15.759126,-96.1290495,520,29027.1
Ruta03,15.7589473,-96.1293016,521,29060.6
Ruta03,15.7585039,-96.1299668,522,29147.2
Ruta03,15.7582329,-96.130306,523,29194.4
Ruta03,15.7581791,-96.1303709,524,29203.6
Ruta03,15.7574527,-96.1309478,525,29305.2
Ruta03,15.7571433,-96.1312068,526,29349.4
Ruta03,15.756888,-96.1314205,527,29385.9
Ruta03,15.7566643,-96.1316347,528,29419.7
Ruta03,15.7566482,-96.1316801,529,29424.9
Ruta03,15.7566291,-96.1317182,530,29429.5
Ruta03,15.756606,-96.1317538,531,29434.1
Ruta03,15.7565741,-96.1317917,532,29439.5
Ruta03,15.7565376,-96.1318249,533,29444.9
Ruta03,15.7565156,-96.131845,534,29448.1
Ruta03,15.7564974,-96.1318518,535,29450.3
Ruta03,15.7564566,-96.1318734,536,29455.4
Ruta03,15.7564128,-96.1318868,537,29460.4
Ruta03,15.7563674,-96.1318917,538,29465.5
Ruta03,15.7563224,-96.1319068,539,29470.8
Ruta03,15.7562749,-96.1319321,540,29476.7
Ruta03,15.7562013,-96.1319851,541,29486.7
Ruta03,15.7561851,-96.1319973,542,29488.9
Ruta03,15.7558741,-96.1322325,543,29531.7
Ruta03,15.7557823,-96.1323078,544,29544.7
Ruta03,15.7556532,-96.1324137,545,29563
Ruta03,15.7553443,-96.1327891,546,29615.8
Ruta03,15.7549055,-96.1334247,547,29699.5
Ruta03,15.7542182,-96.1344018,548,29829
Ruta03,15.753982,-96.134733,549,29873.2
Ruta03,15.7539005,-96.1348456,550,29888.2
Ruta03,15.7533043,-96.1356698,551,29998.6
Ruta03,15.7532766,-96.1357107,552,30003.9
Ruta03,15.7532649,-96.1357281,553,30006.2
Ruta03,15.753192,-96.1358703,554,30023.4
Ruta03,15.7531159,-96.1360493,555,30044.4
Ruta03,15.7530913,-96.1361164,556,30052.1
Ruta03,15.7530565,-96.1362049,557,30062.3
Ruta03,15.7530281,-96.1362619,558,30069.2
Ruta03,15.7529623,-96.1363357,559,30079.9
Ruta03,15.7528628,-96.1364242,560,30094.5
Ruta03,15.7528138,-96.1364511,561,30100.7
Ruta03,15.7527686,-96.1364564,562,30105.7
Ruta03,15.7526693,-96.1364798,563,30117
Ruta03,15.752313,-96.1365381,564,30157.1
Ruta03,15.751647,-96.1366535,565,30232.2
Ruta03,15.7515147,-96.1366575,566,30246.9
Ruta03,15.7514411,-96.1367299,567,30258.2
Ruta03,15.7513695,-96.136803,568,30269.4
Ruta03,15.7512611,-96.1368634,569,30283
Ruta03,15.7511218,-96.1369137,570,30299.4
Ruta03,15.7509745,-96.1369613,571,30316.6
Ruta03,15.7508945,-96.1370263,572,30327.9
Ruta03,15.7507466,-96.1372105,573,30353.6
Ruta03,15.7506622,-96.1373462,574,30370.9
Ruta03,15.7505641,-96.1375594,575,30396.1
Ruta03,15.7504718,-96.1377405,576,30418.1
Ruta03,15.750384,-96.1379081,577,30438.5